job_id,workload_name,profile,submission_time,requested_number_of_resources,requested_time,success,final_state,starting_time,execution_time,finish_time,waiting_time,turnaround_time,stretch,allocated_resources,consumed_energy
1,w0,100,5,1,49,0,COMPLETED_WALLTIME_REACHED,5,49,54,0,49,1.0,0,-1
2,w0,100,14,1,52,0,COMPLETED_WALLTIME_REACHED,14,52,66,0,52,1.0,1,-1
3,w0,100,25,2,48,0,COMPLETED_WALLTIME_REACHED,25,48,73,0,48,1.0,2 3,-1
4,w0,100,52,2,51,0,COMPLETED_WALLTIME_REACHED,57,51,108,5,56,1.0980392156862746,4 5,-1
5,w0,100,57,1,52,0,COMPLETED_WALLTIME_REACHED,57,52,109,0,52,1.0,0,-1
6,w0,100,58,2,47,0,COMPLETED_WALLTIME_REACHED,63,47,110,5,52,1.1063829787234043,6 7,-1
7,w0,100,59,2,51,0,COMPLETED_WALLTIME_REACHED,73,51,124,14,65,1.2745098039215685,1 2,-1
8,w0,100,60,3,49,0,COMPLETED_WALLTIME_REACHED,108,49,157,48,97,1.9795918367346939,3 4 5,-1
9,w0,100,77,1,50,0,COMPLETED_WALLTIME_REACHED,109,50,159,32,82,1.64,0,-1
10,w0,100,90,1,49,0,COMPLETED_WALLTIME_REACHED,110,49,159,20,69,1.4081632653061225,6,-1
11,w0,100,91,2,49,0,COMPLETED_WALLTIME_REACHED,124,49,173,33,82,1.6734693877551021,1 2,-1
12,w0,100,95,1,48,0,COMPLETED_WALLTIME_REACHED,124,48,172,29,77,1.6041666666666667,7,-1
13,w0,100,114,2,47,0,COMPLETED_WALLTIME_REACHED,157,47,204,43,90,1.9148936170212767,3 4,-1
14,w0,100,117,1,51,0,COMPLETED_WALLTIME_REACHED,157,51,208,40,91,1.7843137254901962,5,-1
15,w0,100,131,2,51,0,COMPLETED_WALLTIME_REACHED,159,51,210,28,79,1.5490196078431373,0 6,-1
16,w0,100,135,1,50,0,COMPLETED_WALLTIME_REACHED,172,50,222,37,87,1.74,7,-1
17,w0,100,135,2,48,0,COMPLETED_WALLTIME_REACHED,173,48,221,38,86,1.7916666666666667,1 2,-1
18,w0,100,151,2,50,0,COMPLETED_WALLTIME_REACHED,204,50,254,53,103,2.06,3 4,-1
19,w0,100,154,3,50,0,COMPLETED_WALLTIME_REACHED,210,50,260,56,106,2.12,0 5 6,-1
20,w0,100,156,3,49,0,COMPLETED_WALLTIME_REACHED,222,49,271,66,115,2.3469387755102042,1 2 7,-1
21,w0,100,174,1,50,0,COMPLETED_WALLTIME_REACHED,254,50,304,80,130,2.6,3,-1
22,w0,100,179,2,51,0,COMPLETED_WALLTIME_REACHED,260,51,311,81,132,2.588235294117647,0 4,-1
23,w0,100,185,2,52,0,COMPLETED_WALLTIME_REACHED,260,52,312,75,127,2.4423076923076925,5 6,-1
24,w0,100,193,1,52,0,COMPLETED_WALLTIME_REACHED,271,52,323,78,130,2.5,1,-1
25,w0,100,206,1,47,0,COMPLETED_WALLTIME_REACHED,271,47,318,65,112,2.382978723404255,2,-1
26,w0,100,217,3,50,0,COMPLETED_WALLTIME_REACHED,311,50,361,94,144,2.88,0 3 4,-1
27,w0,100,234,2,51,0,COMPLETED_WALLTIME_REACHED,312,51,363,78,129,2.5294117647058822,5 6,-1
28,w0,100,239,3,51,0,COMPLETED_WALLTIME_REACHED,323,51,374,84,135,2.6470588235294117,1 2 7,-1
29,w0,100,241,1,51,0,COMPLETED_WALLTIME_REACHED,361,51,412,120,171,3.3529411764705883,0,-1
30,w0,100,253,2,51,0,COMPLETED_WALLTIME_REACHED,361,51,412,108,159,3.1176470588235294,3 4,-1
31,w0,100,292,2,47,0,COMPLETED_WALLTIME_REACHED,363,47,410,71,118,2.5106382978723403,5 6,-1
32,w0,100,294,1,50,0,COMPLETED_WALLTIME_REACHED,374,50,424,80,130,2.6,1,-1
33,w0,100,303,1,52,0,COMPLETED_WALLTIME_REACHED,374,52,426,71,123,2.3653846153846154,2,-1
34,w0,100,318,3,49,0,COMPLETED_WALLTIME_REACHED,410,49,459,92,141,2.877551020408163,5 6 7,-1
35,w0,100,346,2,52,0,COMPLETED_WALLTIME_REACHED,412,52,464,66,118,2.269230769230769,0 3,-1
36,w0,100,349,1,50,0,COMPLETED_WALLTIME_REACHED,412,50,462,63,113,2.26,4,-1
37,w0,100,351,2,48,0,COMPLETED_WALLTIME_REACHED,426,48,474,75,123,2.5625,1 2,-1
38,w0,100,354,2,51,0,COMPLETED_WALLTIME_REACHED,459,51,510,105,156,3.0588235294117645,5 6,-1
39,w0,100,371,1,47,0,COMPLETED_WALLTIME_REACHED,459,47,506,88,135,2.872340425531915,7,-1
40,w0,100,374,1,50,0,COMPLETED_WALLTIME_REACHED,462,50,512,88,138,2.76,4,-1
41,w0,100,404,1,48,0,COMPLETED_WALLTIME_REACHED,464,48,512,60,108,2.25,0,-1
42,w0,100,407,1,50,0,COMPLETED_WALLTIME_REACHED,464,50,514,57,107,2.14,3,-1
43,w0,100,408,3,46,0,COMPLETED_WALLTIME_REACHED,506,46,552,98,144,3.130434782608696,1 2 7,-1
44,w0,100,420,1,54,0,COMPLETED_WALLTIME_REACHED,510,54,564,90,144,2.6666666666666665,5,-1
45,w0,100,423,1,48,0,COMPLETED_WALLTIME_REACHED,510,48,558,87,135,2.8125,6,-1
46,w0,100,426,2,53,0,COMPLETED_WALLTIME_REACHED,512,53,565,86,139,2.6226415094339623,0 4,-1
47,w0,100,432,1,51,0,COMPLETED_WALLTIME_REACHED,514,51,565,82,133,2.607843137254902,3,-1
48,w0,100,432,2,49,0,COMPLETED_WALLTIME_REACHED,552,49,601,120,169,3.4489795918367347,1 2,-1
49,w0,100,434,2,51,0,COMPLETED_WALLTIME_REACHED,558,51,609,124,175,3.4313725490196076,6 7,-1
50,w0,100,448,1,51,0,COMPLETED_WALLTIME_REACHED,564,51,615,116,167,3.2745098039215685,5,-1
51,w0,100,452,2,52,0,COMPLETED_WALLTIME_REACHED,565,52,617,113,165,3.173076923076923,0 3,-1
52,w0,100,455,2,53,0,COMPLETED_WALLTIME_REACHED,601,53,654,146,199,3.7547169811320753,1 2,-1
53,w0,100,457,2,48,0,COMPLETED_WALLTIME_REACHED,609,48,657,152,200,4.166666666666667,4 6,-1
54,w0,100,459,1,53,0,COMPLETED_WALLTIME_REACHED,609,53,662,150,203,3.830188679245283,7,-1
55,w0,100,459,3,51,0,COMPLETED_WALLTIME_REACHED,617,51,668,158,209,4.098039215686274,0 3 5,-1
56,w0,100,471,2,49,0,COMPLETED_WALLTIME_REACHED,654,49,703,183,232,4.73469387755102,1 2,-1
57,w0,100,491,2,48,0,COMPLETED_WALLTIME_REACHED,657,48,705,166,214,4.458333333333333,4 6,-1
58,w0,100,497,1,51,0,COMPLETED_WALLTIME_REACHED,662,51,713,165,216,4.235294117647059,7,-1
59,w0,100,505,3,53,0,COMPLETED_WALLTIME_REACHED,668,53,721,163,216,4.0754716981132075,0 3 5,-1
60,w0,100,506,2,52,0,COMPLETED_WALLTIME_REACHED,703,52,755,197,249,4.788461538461538,1 2,-1
61,w0,100,514,2,52,0,COMPLETED_WALLTIME_REACHED,705,52,757,191,243,4.673076923076923,4 6,-1
62,w0,100,518,1,52,0,COMPLETED_WALLTIME_REACHED,713,52,765,195,247,4.75,7,-1
63,w0,100,530,2,49,0,COMPLETED_WALLTIME_REACHED,721,49,770,191,240,4.8979591836734695,0 3,-1
64,w0,100,548,1,50,0,COMPLETED_WALLTIME_REACHED,721,50,771,173,223,4.46,5,-1
65,w0,100,549,1,53,0,COMPLETED_WALLTIME_REACHED,755,53,808,206,259,4.886792452830188,1,-1
66,w0,100,550,1,55,0,COMPLETED_WALLTIME_REACHED,755,55,810,205,260,4.7272727272727275,2,-1
67,w0,100,559,1,49,0,COMPLETED_WALLTIME_REACHED,757,49,806,198,247,5.040816326530612,4,-1
68,w0,100,581,1,49,0,COMPLETED_WALLTIME_REACHED,757,49,806,176,225,4.591836734693878,6,-1
69,w0,100,584,2,52,0,COMPLETED_WALLTIME_REACHED,770,52,822,186,238,4.576923076923077,0 3,-1
70,w0,100,588,2,50,0,COMPLETED_WALLTIME_REACHED,771,50,821,183,233,4.66,5 7,-1
71,w0,100,590,1,49,0,COMPLETED_WALLTIME_REACHED,806,49,855,216,265,5.408163265306122,4,-1
72,w0,100,595,3,46,0,COMPLETED_WALLTIME_REACHED,810,46,856,215,261,5.673913043478261,1 2 6,-1
73,w0,100,596,2,52,0,COMPLETED_WALLTIME_REACHED,821,52,873,225,277,5.326923076923077,5 7,-1
74,w0,100,601,3,48,0,COMPLETED_WALLTIME_REACHED,855,48,903,254,302,6.291666666666667,0 3 4,-1
75,w0,100,608,3,52,0,COMPLETED_WALLTIME_REACHED,856,52,908,248,300,5.769230769230769,1 2 6,-1
76,w0,100,609,1,49,0,COMPLETED_WALLTIME_REACHED,873,49,922,264,313,6.387755102040816,5,-1
77,w0,100,614,1,49,0,COMPLETED_WALLTIME_REACHED,873,49,922,259,308,6.285714285714286,7,-1
78,w0,100,630,1,50,0,COMPLETED_WALLTIME_REACHED,903,50,953,273,323,6.46,0,-1
79,w0,100,631,1,50,0,COMPLETED_WALLTIME_REACHED,903,50,953,272,322,6.44,3,-1
80,w0,100,631,1,49,0,COMPLETED_WALLTIME_REACHED,903,49,952,272,321,6.551020408163265,4,-1
81,w0,100,645,2,48,0,COMPLETED_WALLTIME_REACHED,908,48,956,263,311,6.479166666666667,1 2,-1
82,w0,100,645,2,51,0,COMPLETED_WALLTIME_REACHED,922,51,973,277,328,6.431372549019608,5 6,-1
83,w0,100,646,3,46,0,COMPLETED_WALLTIME_REACHED,953,46,999,307,353,7.673913043478261,0 3 4,-1
84,w0,100,661,1,47,0,COMPLETED_WALLTIME_REACHED,953,47,1000,292,339,7.212765957446808,7,-1
85,w0,100,677,1,51,0,COMPLETED_WALLTIME_REACHED,956,51,1007,279,330,6.470588235294118,1,-1
86,w0,100,678,1,50,0,COMPLETED_WALLTIME_REACHED,956,50,1006,278,328,6.56,2,-1
87,w0,100,691,3,48,0,COMPLETED_WALLTIME_REACHED,999,48,1047,308,356,7.416666666666667,0 3 4,-1
88,w0,100,695,2,51,0,COMPLETED_WALLTIME_REACHED,999,51,1050,304,355,6.96078431372549,5 6,-1
89,w0,100,736,1,47,0,COMPLETED_WALLTIME_REACHED,1000,47,1047,264,311,6.617021276595745,7,-1
90,w0,100,746,3,50,0,COMPLETED_WALLTIME_REACHED,1047,50,1097,301,351,7.02,0 1 2,-1
91,w0,100,752,2,50,0,COMPLETED_WALLTIME_REACHED,1047,50,1097,295,345,6.9,3 4,-1
92,w0,100,767,2,50,0,COMPLETED_WALLTIME_REACHED,1050,50,1100,283,333,6.66,5 6,-1
93,w0,100,771,3,50,0,COMPLETED_WALLTIME_REACHED,1097,50,1147,326,376,7.52,0 1 2,-1
94,w0,100,774,3,52,0,COMPLETED_WALLTIME_REACHED,1097,52,1149,323,375,7.211538461538462,3 4 7,-1
95,w0,100,786,2,54,0,COMPLETED_WALLTIME_REACHED,1100,54,1154,314,368,6.814814814814815,5 6,-1
96,w0,100,800,1,49,0,COMPLETED_WALLTIME_REACHED,1147,49,1196,347,396,8.081632653061224,0,-1
97,w0,100,807,2,49,0,COMPLETED_WALLTIME_REACHED,1147,49,1196,340,389,7.938775510204081,1 2,-1
98,w0,100,809,3,49,0,COMPLETED_WALLTIME_REACHED,1149,49,1198,340,389,7.938775510204081,3 4 7,-1
99,w0,100,813,1,47,0,COMPLETED_WALLTIME_REACHED,1154,47,1201,341,388,8.25531914893617,5,-1
100,w0,100,843,2,52,0,COMPLETED_WALLTIME_REACHED,1196,52,1248,353,405,7.788461538461538,0 1,-1
