job_id,workload_name,profile,submission_time,requested_number_of_resources,requested_time,success,final_state,starting_time,execution_time,finish_time,waiting_time,turnaround_time,stretch,allocated_resources,consumed_energy
1,w0,100,1,3,151,0,COMPLETED_WALLTIME_REACHED,1,151,152,0,151,1.0,0 1 2,-1
2,w0,100,1,4,153,0,COMPLETED_WALLTIME_REACHED,157,153,310,156,309,2.019607843137255,0 1 2 3,-1
3,w0,100,23,4,146,0,COMPLETED_WALLTIME_REACHED,310,146,456,287,433,2.9657534246575343,0 1 2 3,-1
4,w0,100,30,4,149,0,COMPLETED_WALLTIME_REACHED,456,149,605,426,575,3.859060402684564,0 1 2 3,-1
5,w0,100,34,4,150,0,COMPLETED_WALLTIME_REACHED,605,150,755,571,721,4.806666666666667,0 1 2 3,-1
6,w0,100,35,2,147,0,COMPLETED_WALLTIME_REACHED,755,147,902,720,867,5.8979591836734695,0 1,-1
7,w0,100,36,3,149,0,COMPLETED_WALLTIME_REACHED,907,149,1056,871,1020,6.845637583892618,0 1 2,-1
8,w0,100,42,3,151,0,COMPLETED_WALLTIME_REACHED,1056,151,1207,1014,1165,7.71523178807947,0 1 2,-1
9,w0,100,50,4,151,0,COMPLETED_WALLTIME_REACHED,1212,151,1363,1162,1313,8.695364238410596,0 1 2 3,-1
10,w0,100,55,4,152,0,COMPLETED_WALLTIME_REACHED,1363,152,1515,1308,1460,9.605263157894736,0 1 2 3,-1
11,w0,100,58,2,150,0,COMPLETED_WALLTIME_REACHED,1515,150,1665,1457,1607,10.713333333333333,0 1,-1
12,w0,100,66,3,151,0,COMPLETED_WALLTIME_REACHED,1670,151,1821,1604,1755,11.62251655629139,0 1 2,-1
13,w0,100,67,4,149,0,COMPLETED_WALLTIME_REACHED,1826,149,1975,1759,1908,12.805369127516778,0 1 2 3,-1
14,w0,100,70,4,150,0,COMPLETED_WALLTIME_REACHED,1975,150,2125,1905,2055,13.7,0 1 2 3,-1
15,w0,100,70,2,153,0,COMPLETED_WALLTIME_REACHED,2125,153,2278,2055,2208,14.431372549019608,0 1,-1
16,w0,100,82,4,150,0,COMPLETED_WALLTIME_REACHED,2283,150,2433,2201,2351,15.673333333333334,0 1 2 3,-1
17,w0,100,84,4,149,0,COMPLETED_WALLTIME_REACHED,2433,149,2582,2349,2498,16.76510067114094,0 1 2 3,-1
18,w0,100,88,1,150,0,COMPLETED_WALLTIME_REACHED,2582,150,2732,2494,2644,17.626666666666665,0,-1
19,w0,100,89,2,149,0,COMPLETED_WALLTIME_REACHED,2582,149,2731,2493,2642,17.731543624161073,1 2,-1
20,w0,100,93,3,150,0,COMPLETED_WALLTIME_REACHED,2736,150,2886,2643,2793,18.62,1 2 3,-1
