job_id,workload_name,profile,submission_time,requested_number_of_resources,requested_time,success,final_state,starting_time,execution_time,finish_time,waiting_time,turnaround_time,stretch,allocated_resources,consumed_energy
1,w0,100,2,4,144,0,COMPLETED_WALLTIME_REACHED,2,144,146,0,144,1.0,0 1 2 3,-1
2,w0,100,23,3,151,0,COMPLETED_WALLTIME_REACHED,23,151,174,0,151,1.0,4 5 6,-1
3,w0,100,31,4,150,0,COMPLETED_WALLTIME_REACHED,146,150,296,115,265,1.7666666666666666,0 1 2 3,-1
4,w0,100,34,2,151,0,COMPLETED_WALLTIME_REACHED,174,151,325,140,291,1.9271523178807948,4 5,-1
5,w0,100,47,4,148,0,COMPLETED_WALLTIME_REACHED,296,148,444,249,397,2.6824324324324325,0 1 2 3,-1
6,w0,100,47,4,149,0,COMPLETED_WALLTIME_REACHED,325,149,474,278,427,2.865771812080537,4 5 6 7,-1
7,w0,100,55,3,148,0,COMPLETED_WALLTIME_REACHED,444,148,592,389,537,3.6283783783783785,0 1 2,-1
8,w0,100,64,4,150,0,COMPLETED_WALLTIME_REACHED,474,150,624,410,560,3.7333333333333334,3 4 5 6,-1
9,w0,100,78,2,153,0,COMPLETED_WALLTIME_REACHED,592,153,745,514,667,4.359477124183006,0 1,-1
10,w0,100,89,4,153,0,COMPLETED_WALLTIME_REACHED,624,153,777,535,688,4.496732026143791,3 4 5 6,-1
11,w0,100,97,3,150,0,COMPLETED_WALLTIME_REACHED,745,150,895,648,798,5.32,0 1 2,-1
12,w0,100,97,4,151,0,COMPLETED_WALLTIME_REACHED,777,151,928,680,831,5.503311258278146,3 4 5 6,-1
13,w0,100,111,2,151,0,COMPLETED_WALLTIME_REACHED,895,151,1046,784,935,6.19205298013245,0 1,-1
14,w0,100,117,2,148,0,COMPLETED_WALLTIME_REACHED,895,148,1043,778,926,6.256756756756757,2 7,-1
15,w0,100,126,2,150,0,COMPLETED_WALLTIME_REACHED,928,150,1078,802,952,6.346666666666667,3 4,-1
16,w0,100,127,3,150,0,COMPLETED_WALLTIME_REACHED,1043,150,1193,916,1066,7.1066666666666665,2 5 6,-1
17,w0,100,134,3,152,0,COMPLETED_WALLTIME_REACHED,1046,152,1198,912,1064,7.0,0 1 7,-1
18,w0,100,134,3,147,0,COMPLETED_WALLTIME_REACHED,1193,147,1340,1059,1206,8.204081632653061,2 3 4,-1
19,w0,100,136,4,148,0,COMPLETED_WALLTIME_REACHED,1198,148,1346,1062,1210,8.175675675675675,0 1 5 6,-1
20,w0,100,138,4,151,0,COMPLETED_WALLTIME_REACHED,1340,151,1491,1202,1353,8.960264900662251,2 3 4 7,-1
