job_id,workload_name,profile,submission_time,requested_number_of_resources,requested_time,success,final_state,starting_time,execution_time,finish_time,waiting_time,turnaround_time,stretch,allocated_resources,consumed_energy
1,w0,100,3,2,152,0,COMPLETED_WALLTIME_REACHED,3,152,155,0,152,1.0,0 1,-1
2,w0,100,35,4,148,0,COMPLETED_WALLTIME_REACHED,40,148,188,5,153,1.0337837837837838,2 3 4 5,-1
3,w0,100,46,4,151,0,COMPLETED_WALLTIME_REACHED,160,151,311,114,265,1.7549668874172186,0 1 6 7,-1
4,w0,100,60,3,151,0,COMPLETED_WALLTIME_REACHED,188,151,339,128,279,1.8476821192052981,2 3 4,-1
5,w0,100,72,3,149,0,COMPLETED_WALLTIME_REACHED,311,149,460,239,388,2.6040268456375837,0 1 6,-1
6,w0,100,73,4,147,0,COMPLETED_WALLTIME_REACHED,339,147,486,266,413,2.8095238095238093,2 3 4 7,-1
7,w0,100,79,4,149,0,COMPLETED_WALLTIME_REACHED,465,149,614,386,535,3.5906040268456376,0 1 6 5,-1
8,w0,100,88,3,152,0,COMPLETED_WALLTIME_REACHED,486,152,638,398,550,3.6184210526315788,2 3 4,-1
9,w0,100,92,3,146,0,COMPLETED_WALLTIME_REACHED,614,146,760,522,668,4.575342465753424,0 1 5,-1
10,w0,100,95,4,148,0,COMPLETED_WALLTIME_REACHED,638,148,786,543,691,4.668918918918919,2 3 4 6,-1
11,w0,100,99,4,150,0,COMPLETED_WALLTIME_REACHED,765,150,915,666,816,5.44,0 1 5 7,-1
12,w0,100,100,4,150,0,COMPLETED_WALLTIME_REACHED,786,150,936,686,836,5.573333333333333,2 3 4 6,-1
13,w0,100,104,3,147,0,COMPLETED_WALLTIME_REACHED,915,147,1062,811,958,6.517006802721088,0 1 5,-1
14,w0,100,113,2,148,0,COMPLETED_WALLTIME_REACHED,936,148,1084,823,971,6.5608108108108105,2 3,-1
15,w0,100,113,3,151,0,COMPLETED_WALLTIME_REACHED,936,151,1087,823,974,6.450331125827814,4 6 7,-1
16,w0,100,121,3,148,0,COMPLETED_WALLTIME_REACHED,1062,148,1210,941,1089,7.358108108108108,0 1 5,-1
17,w0,100,128,3,153,0,COMPLETED_WALLTIME_REACHED,1087,153,1240,959,1112,7.26797385620915,2 3 4,-1
18,w0,100,137,4,151,0,COMPLETED_WALLTIME_REACHED,1215,151,1366,1078,1229,8.139072847682119,0 1 5 6,-1
19,w0,100,138,2,150,0,COMPLETED_WALLTIME_REACHED,1240,150,1390,1102,1252,8.346666666666666,2 3,-1
20,w0,100,140,3,151,0,COMPLETED_WALLTIME_REACHED,1366,151,1517,1226,1377,9.119205298013245,0 1 5,-1
