job_id,workload_name,profile,submission_time,requested_number_of_resources,requested_time,success,final_state,starting_time,execution_time,finish_time,waiting_time,turnaround_time,stretch,allocated_resources,consumed_energy
1,w0,100,3,2,152,0,COMPLETED_WALLTIME_REACHED,3,152,155,0,152,1.0,0 1,-1
2,w0,100,35,4,148,0,COMPLETED_WALLTIME_REACHED,35,148,183,0,148,1.0,2 3 4 5,-1
3,w0,100,46,4,151,0,COMPLETED_WALLTIME_REACHED,155,151,306,109,260,1.7218543046357615,0 1 6 7,-1
4,w0,100,60,3,151,0,COMPLETED_WALLTIME_REACHED,183,151,334,123,274,1.814569536423841,2 3 4,-1
5,w0,100,72,3,149,0,COMPLETED_WALLTIME_REACHED,306,149,455,234,383,2.5704697986577183,0 1 5,-1
6,w0,100,73,4,147,0,COMPLETED_WALLTIME_REACHED,334,147,481,261,408,2.7755102040816326,2 3 4 6,-1
7,w0,100,79,4,149,0,COMPLETED_WALLTIME_REACHED,455,149,604,376,525,3.523489932885906,0 1 5 7,-1
8,w0,100,88,3,152,0,COMPLETED_WALLTIME_REACHED,481,152,633,393,545,3.585526315789474,2 3 4,-1
9,w0,100,92,3,146,0,COMPLETED_WALLTIME_REACHED,604,146,750,512,658,4.506849315068493,0 1 5,-1
10,w0,100,95,4,148,0,COMPLETED_WALLTIME_REACHED,633,148,781,538,686,4.635135135135135,2 3 4 6,-1
11,w0,100,99,4,150,0,COMPLETED_WALLTIME_REACHED,750,150,900,651,801,5.34,0 1 5 7,-1
12,w0,100,100,4,150,0,COMPLETED_WALLTIME_REACHED,781,150,931,681,831,5.54,2 3 4 6,-1
13,w0,100,104,3,147,0,COMPLETED_WALLTIME_REACHED,900,147,1047,796,943,6.414965986394558,0 1 5,-1
14,w0,100,113,2,148,0,COMPLETED_WALLTIME_REACHED,931,148,1079,818,966,6.527027027027027,2 3,-1
15,w0,100,113,3,151,0,COMPLETED_WALLTIME_REACHED,931,151,1082,818,969,6.417218543046357,4 6 7,-1
16,w0,100,121,3,148,0,COMPLETED_WALLTIME_REACHED,1047,148,1195,926,1074,7.256756756756757,0 1 5,-1
19,w0,100,138,2,150,0,COMPLETED_WALLTIME_REACHED,1079,150,1229,941,1091,7.273333333333333,2 3,-1
17,w0,100,128,3,153,0,COMPLETED_WALLTIME_REACHED,1082,153,1235,954,1107,7.235294117647059,4 6 7,-1
18,w0,100,137,4,151,0,COMPLETED_WALLTIME_REACHED,1229,151,1380,1092,1243,8.2317880794702,0 1 2 3,-1
20,w0,100,140,3,151,0,COMPLETED_WALLTIME_REACHED,1235,151,1386,1095,1246,8.251655629139073,4 5 6,-1
