job_id,workload_name,profile,submission_time,requested_number_of_resources,requested_time,success,final_state,starting_time,execution_time,finish_time,waiting_time,turnaround_time,stretch,allocated_resources,consumed_energy
1,w0,100,1,6,150,0,COMPLETED_WALLTIME_REACHED,1,150,151,0,150,1.0,0-5,-1
2,w0,100,1,7,152,0,COMPLETED_WALLTIME_REACHED,151,152,303,150,302,1.986842105263158,0-6,-1
3,w0,100,2,5,153,0,COMPLETED_WALLTIME_REACHED,303,153,456,301,454,2.9673202614379086,0-4,-1
4,w0,100,2,4,152,0,COMPLETED_WALLTIME_REACHED,456,152,608,454,606,3.986842105263158,0-3,-1
5,w0,100,4,5,148,0,COMPLETED_WALLTIME_REACHED,608,148,756,604,752,5.081081081081081,0-4,-1
6,w0,100,5,5,151,0,COMPLETED_WALLTIME_REACHED,756,151,907,751,902,5.973509933774834,0-4,-1
7,w0,100,7,5,150,0,COMPLETED_WALLTIME_REACHED,907,150,1057,900,1050,7.0,0-4,-1
8,w0,100,12,4,154,0,COMPLETED_WALLTIME_REACHED,1057,154,1211,1045,1199,7.785714285714286,0-3,-1
9,w0,100,14,5,150,0,COMPLETED_WALLTIME_REACHED,1211,150,1361,1197,1347,8.98,0-4,-1
10,w0,100,23,3,149,0,COMPLETED_WALLTIME_REACHED,1361,149,1510,1338,1487,9.979865771812081,0-2,-1
11,w0,100,24,4,151,0,COMPLETED_WALLTIME_REACHED,1510,151,1661,1486,1637,10.841059602649006,0-3,-1
12,w0,100,24,3,149,0,COMPLETED_WALLTIME_REACHED,1661,149,1810,1637,1786,11.986577181208053,0-2,-1
13,w0,100,26,4,148,0,COMPLETED_WALLTIME_REACHED,1810,148,1958,1784,1932,13.054054054054054,0-3,-1
14,w0,100,30,4,155,0,COMPLETED_WALLTIME_REACHED,1958,155,2113,1928,2083,13.438709677419356,0-3,-1
15,w0,100,32,3,148,0,COMPLETED_WALLTIME_REACHED,2113,148,2261,2081,2229,15.06081081081081,0-2,-1
16,w0,100,33,5,150,0,COMPLETED_WALLTIME_REACHED,2261,150,2411,2228,2378,15.853333333333333,0-4,-1
17,w0,100,34,5,148,0,COMPLETED_WALLTIME_REACHED,2411,148,2559,2377,2525,17.06081081081081,0-4,-1
18,w0,100,39,4,152,0,COMPLETED_WALLTIME_REACHED,2559,152,2711,2520,2672,17.57894736842105,0-3,-1
19,w0,100,42,5,146,0,COMPLETED_WALLTIME_REACHED,2711,146,2857,2669,2815,19.28082191780822,0-4,-1
20,w0,100,45,3,149,0,COMPLETED_WALLTIME_REACHED,2857,149,3006,2812,2961,19.87248322147651,0-2,-1
21,w0,100,47,4,151,0,COMPLETED_WALLTIME_REACHED,3006,151,3157,2959,3110,20.596026490066226,0-3,-1
22,w0,100,48,5,152,0,COMPLETED_WALLTIME_REACHED,3157,152,3309,3109,3261,21.45394736842105,0-4,-1
23,w0,100,49,5,151,0,COMPLETED_WALLTIME_REACHED,3309,151,3460,3260,3411,22.589403973509935,0-4,-1
24,w0,100,49,5,148,0,COMPLETED_WALLTIME_REACHED,3460,148,3608,3411,3559,24.0472972972973,0-4,-1
25,w0,100,50,5,152,0,COMPLETED_WALLTIME_REACHED,3608,152,3760,3558,3710,24.407894736842106,0-4,-1
26,w0,100,50,6,146,0,COMPLETED_WALLTIME_REACHED,3760,146,3906,3710,3856,26.410958904109588,0-5,-1
27,w0,100,51,5,152,0,COMPLETED_WALLTIME_REACHED,3906,152,4058,3855,4007,26.361842105263158,0-4,-1
28,w0,100,56,3,149,0,COMPLETED_WALLTIME_REACHED,4058,149,4207,4002,4151,27.859060402684563,0-2,-1
29,w0,100,57,4,148,0,COMPLETED_WALLTIME_REACHED,4207,148,4355,4150,4298,29.04054054054054,0-3,-1
30,w0,100,61,4,148,0,COMPLETED_WALLTIME_REACHED,4355,148,4503,4294,4442,30.013513513513512,0-3,-1
31,w0,100,62,6,148,0,COMPLETED_WALLTIME_REACHED,4503,148,4651,4441,4589,31.006756756756758,0-5,-1
32,w0,100,64,5,149,0,COMPLETED_WALLTIME_REACHED,4651,149,4800,4587,4736,31.78523489932886,0-4,-1
33,w0,100,66,4,150,0,COMPLETED_WALLTIME_REACHED,4800,150,4950,4734,4884,32.56,0-3,-1
34,w0,100,68,5,149,0,COMPLETED_WALLTIME_REACHED,4950,149,5099,4882,5031,33.76510067114094,0-4,-1
35,w0,100,82,3,147,0,COMPLETED_WALLTIME_REACHED,5099,147,5246,5017,5164,35.12925170068027,0-2,-1
36,w0,100,83,4,149,0,COMPLETED_WALLTIME_REACHED,5246,149,5395,5163,5312,35.651006711409394,0-3,-1
37,w0,100,84,3,151,0,COMPLETED_WALLTIME_REACHED,5395,151,5546,5311,5462,36.17218543046358,0-2,-1
38,w0,100,84,5,150,0,COMPLETED_WALLTIME_REACHED,5546,150,5696,5462,5612,37.413333333333334,0-4,-1
39,w0,100,84,4,150,0,COMPLETED_WALLTIME_REACHED,5696,150,5846,5612,5762,38.413333333333334,0-3,-1
40,w0,100,85,3,151,0,COMPLETED_WALLTIME_REACHED,5846,151,5997,5761,5912,39.152317880794705,0-2,-1
41,w0,100,86,5,152,0,COMPLETED_WALLTIME_REACHED,5997,152,6149,5911,6063,39.88815789473684,0-4,-1
42,w0,100,89,4,148,0,COMPLETED_WALLTIME_REACHED,6149,148,6297,6060,6208,41.945945945945944,0-3,-1
43,w0,100,90,3,150,0,COMPLETED_WALLTIME_REACHED,6297,150,6447,6207,6357,42.38,0-2,-1
44,w0,100,91,6,145,0,COMPLETED_WALLTIME_REACHED,6447,145,6592,6356,6501,44.83448275862069,0-5,-1
45,w0,100,91,4,151,0,COMPLETED_WALLTIME_REACHED,6592,151,6743,6501,6652,44.05298013245033,0-3,-1
46,w0,100,91,4,150,0,COMPLETED_WALLTIME_REACHED,6743,150,6893,6652,6802,45.346666666666664,0-3,-1
47,w0,100,94,5,149,0,COMPLETED_WALLTIME_REACHED,6893,149,7042,6799,6948,46.630872483221474,0-4,-1
48,w0,100,96,4,149,0,COMPLETED_WALLTIME_REACHED,7042,149,7191,6946,7095,47.61744966442953,0-3,-1
49,w0,100,100,3,150,0,COMPLETED_WALLTIME_REACHED,7191,150,7341,7091,7241,48.27333333333333,0-2,-1
50,w0,100,103,5,149,0,COMPLETED_WALLTIME_REACHED,7341,149,7490,7238,7387,49.577181208053695,0-4,-1
51,w0,100,103,5,147,0,COMPLETED_WALLTIME_REACHED,7490,147,7637,7387,7534,51.25170068027211,0-4,-1
52,w0,100,105,4,149,0,COMPLETED_WALLTIME_REACHED,7637,149,7786,7532,7681,51.5503355704698,0-3,-1
53,w0,100,108,4,152,0,COMPLETED_WALLTIME_REACHED,7786,152,7938,7678,7830,51.51315789473684,0-3,-1
54,w0,100,120,6,147,0,COMPLETED_WALLTIME_REACHED,7938,147,8085,7818,7965,54.183673469387756,0-5,-1
55,w0,100,125,6,152,0,COMPLETED_WALLTIME_REACHED,8085,152,8237,7960,8112,53.36842105263158,0-5,-1
56,w0,100,129,5,147,0,COMPLETED_WALLTIME_REACHED,8237,147,8384,8108,8255,56.156462585034014,0-4,-1
57,w0,100,132,6,147,0,COMPLETED_WALLTIME_REACHED,8384,147,8531,8252,8399,57.136054421768705,0-5,-1
58,w0,100,133,4,150,0,COMPLETED_WALLTIME_REACHED,8531,150,8681,8398,8548,56.986666666666665,0-3,-1
59,w0,100,134,5,148,0,COMPLETED_WALLTIME_REACHED,8681,148,8829,8547,8695,58.75,0-4,-1
60,w0,100,135,4,150,0,COMPLETED_WALLTIME_REACHED,8829,150,8979,8694,8844,58.96,0-3,-1
61,w0,100,138,6,151,0,COMPLETED_WALLTIME_REACHED,8979,151,9130,8841,8992,59.549668874172184,0-5,-1
62,w0,100,140,4,150,0,COMPLETED_WALLTIME_REACHED,9130,150,9280,8990,9140,60.93333333333333,0-3,-1
63,w0,100,140,5,151,0,COMPLETED_WALLTIME_REACHED,9280,151,9431,9140,9291,61.52980132450331,0-4,-1
64,w0,100,142,5,151,0,COMPLETED_WALLTIME_REACHED,9431,151,9582,9289,9440,62.51655629139073,0-4,-1
65,w0,100,144,5,147,0,COMPLETED_WALLTIME_REACHED,9582,147,9729,9438,9585,65.20408163265306,0-4,-1
66,w0,100,145,5,148,0,COMPLETED_WALLTIME_REACHED,9729,148,9877,9584,9732,65.75675675675676,0-4,-1
67,w0,100,145,6,150,0,COMPLETED_WALLTIME_REACHED,9877,150,10027,9732,9882,65.88,0-5,-1
68,w0,100,146,4,153,0,COMPLETED_WALLTIME_REACHED,10027,153,10180,9881,10034,65.58169934640523,0-3,-1
69,w0,100,146,3,151,0,COMPLETED_WALLTIME_REACHED,10180,151,10331,10034,10185,67.45033112582782,0-2,-1
70,w0,100,154,6,149,0,COMPLETED_WALLTIME_REACHED,10331,149,10480,10177,10326,69.30201342281879,0-5,-1
71,w0,100,154,4,150,0,COMPLETED_WALLTIME_REACHED,10480,150,10630,10326,10476,69.84,0-3,-1
72,w0,100,155,6,153,0,COMPLETED_WALLTIME_REACHED,10630,153,10783,10475,10628,69.4640522875817,0-5,-1
73,w0,100,158,5,152,0,COMPLETED_WALLTIME_REACHED,10783,152,10935,10625,10777,70.90131578947368,0-4,-1
74,w0,100,159,6,149,0,COMPLETED_WALLTIME_REACHED,10935,149,11084,10776,10925,73.32214765100672,0-5,-1
75,w0,100,161,5,151,0,COMPLETED_WALLTIME_REACHED,11084,151,11235,10923,11074,73.33774834437087,0-4,-1
76,w0,100,164,7,146,0,COMPLETED_WALLTIME_REACHED,11235,146,11381,11071,11217,76.82876712328768,0-6,-1
77,w0,100,166,6,151,0,COMPLETED_WALLTIME_REACHED,11381,151,11532,11215,11366,75.27152317880795,0-5,-1
78,w0,100,168,4,148,0,COMPLETED_WALLTIME_REACHED,11532,148,11680,11364,11512,77.78378378378379,0-3,-1
79,w0,100,169,7,152,0,COMPLETED_WALLTIME_REACHED,11680,152,11832,11511,11663,76.73026315789474,0-6,-1
80,w0,100,182,5,152,0,COMPLETED_WALLTIME_REACHED,11832,152,11984,11650,11802,77.64473684210526,0-4,-1
81,w0,100,184,5,151,0,COMPLETED_WALLTIME_REACHED,11984,151,12135,11800,11951,79.1456953642384,0-4,-1
82,w0,100,185,3,147,0,COMPLETED_WALLTIME_REACHED,12135,147,12282,11950,12097,82.29251700680273,0-2,-1
83,w0,100,186,3,153,0,COMPLETED_WALLTIME_REACHED,12282,153,12435,12096,12249,80.05882352941177,0-2,-1
84,w0,100,186,5,148,0,COMPLETED_WALLTIME_REACHED,12435,148,12583,12249,12397,83.76351351351352,0-4,-1
85,w0,100,187,4,153,0,COMPLETED_WALLTIME_REACHED,12583,153,12736,12396,12549,82.01960784313725,0-3,-1
86,w0,100,188,3,147,0,COMPLETED_WALLTIME_REACHED,12736,147,12883,12548,12695,86.36054421768708,0-2,-1
87,w0,100,190,4,149,0,COMPLETED_WALLTIME_REACHED,12883,149,13032,12693,12842,86.18791946308725,0-3,-1
88,w0,100,191,4,151,0,COMPLETED_WALLTIME_REACHED,13032,151,13183,12841,12992,86.03973509933775,0-3,-1
89,w0,100,197,5,150,0,COMPLETED_WALLTIME_REACHED,13183,150,13333,12986,13136,87.57333333333334,0-4,-1
90,w0,100,199,5,151,0,COMPLETED_WALLTIME_REACHED,13333,151,13484,13134,13285,87.98013245033113,0-4,-1
91,w0,100,200,5,151,0,COMPLETED_WALLTIME_REACHED,13484,151,13635,13284,13435,88.97350993377484,0-4,-1
92,w0,100,200,4,151,0,COMPLETED_WALLTIME_REACHED,13635,151,13786,13435,13586,89.97350993377484,0-3,-1
93,w0,100,202,2,145,0,COMPLETED_WALLTIME_REACHED,13786,145,13931,13584,13729,94.68275862068965,0-1,-1
94,w0,100,203,3,151,0,COMPLETED_WALLTIME_REACHED,13931,151,14082,13728,13879,91.91390728476821,0-2,-1
95,w0,100,203,3,149,0,COMPLETED_WALLTIME_REACHED,14082,149,14231,13879,14028,94.14765100671141,0-2,-1
96,w0,100,204,5,148,0,COMPLETED_WALLTIME_REACHED,14231,148,14379,14027,14175,95.77702702702703,0-4,-1
97,w0,100,204,6,146,0,COMPLETED_WALLTIME_REACHED,14379,146,14525,14175,14321,98.08904109589041,0-5,-1
98,w0,100,208,4,154,0,COMPLETED_WALLTIME_REACHED,14525,154,14679,14317,14471,93.96753246753246,0-3,-1
99,w0,100,209,6,150,0,COMPLETED_WALLTIME_REACHED,14679,150,14829,14470,14620,97.46666666666667,0-5,-1
100,w0,100,210,5,148,0,COMPLETED_WALLTIME_REACHED,14829,148,14977,14619,14767,99.77702702702703,0-4,-1
101,w0,100,212,5,153,0,COMPLETED_WALLTIME_REACHED,14977,153,15130,14765,14918,97.50326797385621,0-4,-1
102,w0,100,216,4,148,0,COMPLETED_WALLTIME_REACHED,15130,148,15278,14914,15062,101.77027027027027,0-3,-1
103,w0,100,220,4,149,0,COMPLETED_WALLTIME_REACHED,15278,149,15427,15058,15207,102.06040268456375,0-3,-1
104,w0,100,223,4,152,0,COMPLETED_WALLTIME_REACHED,15427,152,15579,15204,15356,101.02631578947368,0-3,-1
105,w0,100,224,4,149,0,COMPLETED_WALLTIME_REACHED,15579,149,15728,15355,15504,104.05369127516778,0-3,-1
106,w0,100,226,4,151,0,COMPLETED_WALLTIME_REACHED,15728,151,15879,15502,15653,103.66225165562913,0-3,-1
107,w0,100,229,5,152,0,COMPLETED_WALLTIME_REACHED,15879,152,16031,15650,15802,103.96052631578948,0-4,-1
108,w0,100,229,4,150,0,COMPLETED_WALLTIME_REACHED,16031,150,16181,15802,15952,106.34666666666666,0-3,-1
109,w0,100,230,5,153,0,COMPLETED_WALLTIME_REACHED,16181,153,16334,15951,16104,105.25490196078431,0-4,-1
110,w0,100,236,6,150,0,COMPLETED_WALLTIME_REACHED,16334,150,16484,16098,16248,108.32,0-5,-1
111,w0,100,237,4,155,0,COMPLETED_WALLTIME_REACHED,16484,155,16639,16247,16402,105.81935483870967,0-3,-1
112,w0,100,243,2,149,0,COMPLETED_WALLTIME_REACHED,16639,149,16788,16396,16545,111.04026845637584,0-1,-1
113,w0,100,247,5,151,0,COMPLETED_WALLTIME_REACHED,16788,151,16939,16541,16692,110.54304635761589,0-4,-1
114,w0,100,249,4,151,0,COMPLETED_WALLTIME_REACHED,16939,151,17090,16690,16841,111.52980132450331,0-3,-1
115,w0,100,254,4,153,0,COMPLETED_WALLTIME_REACHED,17090,153,17243,16836,16989,111.03921568627452,0-3,-1
116,w0,100,257,4,153,0,COMPLETED_WALLTIME_REACHED,17243,153,17396,16986,17139,112.01960784313725,0-3,-1
117,w0,100,257,5,152,0,COMPLETED_WALLTIME_REACHED,17396,152,17548,17139,17291,113.75657894736842,0-4,-1
118,w0,100,257,5,150,0,COMPLETED_WALLTIME_REACHED,17548,150,17698,17291,17441,116.27333333333333,0-4,-1
119,w0,100,258,4,152,0,COMPLETED_WALLTIME_REACHED,17698,152,17850,17440,17592,115.73684210526316,0-3,-1
120,w0,100,258,3,150,0,COMPLETED_WALLTIME_REACHED,17850,150,18000,17592,17742,118.28,0-2,-1
121,w0,100,259,4,152,0,COMPLETED_WALLTIME_REACHED,18000,152,18152,17741,17893,117.71710526315789,0-3,-1
122,w0,100,262,5,150,0,COMPLETED_WALLTIME_REACHED,18152,150,18302,17890,18040,120.26666666666667,0-4,-1
123,w0,100,264,4,149,0,COMPLETED_WALLTIME_REACHED,18302,149,18451,18038,18187,122.06040268456375,0-3,-1
124,w0,100,270,4,147,0,COMPLETED_WALLTIME_REACHED,18451,147,18598,18181,18328,124.68027210884354,0-3,-1
125,w0,100,271,6,152,0,COMPLETED_WALLTIME_REACHED,18598,152,18750,18327,18479,121.57236842105263,0-5,-1
126,w0,100,272,5,152,0,COMPLETED_WALLTIME_REACHED,18750,152,18902,18478,18630,122.5657894736842,0-4,-1
127,w0,100,274,5,151,0,COMPLETED_WALLTIME_REACHED,18902,151,19053,18628,18779,124.36423841059603,0-4,-1
128,w0,100,276,4,153,0,COMPLETED_WALLTIME_REACHED,19053,153,19206,18777,18930,123.72549019607843,0-3,-1
129,w0,100,277,5,151,0,COMPLETED_WALLTIME_REACHED,19206,151,19357,18929,19080,126.35761589403974,0-4,-1
130,w0,100,280,2,149,0,COMPLETED_WALLTIME_REACHED,19357,149,19506,19077,19226,129.03355704697987,0-1,-1
131,w0,100,281,5,149,0,COMPLETED_WALLTIME_REACHED,19506,149,19655,19225,19374,130.0268456375839,0-4,-1
132,w0,100,282,5,147,0,COMPLETED_WALLTIME_REACHED,19655,147,19802,19373,19520,132.7891156462585,0-4,-1
133,w0,100,283,5,149,0,COMPLETED_WALLTIME_REACHED,19802,149,19951,19519,19668,132.0,0-4,-1
134,w0,100,291,5,151,0,COMPLETED_WALLTIME_REACHED,19951,151,20102,19660,19811,131.19867549668874,0-4,-1
135,w0,100,293,4,149,0,COMPLETED_WALLTIME_REACHED,20102,149,20251,19809,19958,133.94630872483222,0-3,-1
136,w0,100,293,5,153,0,COMPLETED_WALLTIME_REACHED,20251,153,20404,19958,20111,131.44444444444446,0-4,-1
137,w0,100,293,2,147,0,COMPLETED_WALLTIME_REACHED,20404,147,20551,20111,20258,137.8095238095238,0-1,-1
138,w0,100,293,4,147,0,COMPLETED_WALLTIME_REACHED,20551,147,20698,20258,20405,138.8095238095238,0-3,-1
139,w0,100,294,4,148,0,COMPLETED_WALLTIME_REACHED,20698,148,20846,20404,20552,138.86486486486487,0-3,-1
140,w0,100,296,4,151,0,COMPLETED_WALLTIME_REACHED,20846,151,20997,20550,20701,137.09271523178808,0-3,-1
141,w0,100,299,5,149,0,COMPLETED_WALLTIME_REACHED,20997,149,21146,20698,20847,139.91275167785236,0-4,-1
142,w0,100,301,5,149,0,COMPLETED_WALLTIME_REACHED,21146,149,21295,20845,20994,140.8993288590604,0-4,-1
143,w0,100,302,3,151,0,COMPLETED_WALLTIME_REACHED,21295,151,21446,20993,21144,140.02649006622516,0-2,-1
144,w0,100,305,5,151,0,COMPLETED_WALLTIME_REACHED,21446,151,21597,21141,21292,141.0066225165563,0-4,-1
145,w0,100,306,5,150,0,COMPLETED_WALLTIME_REACHED,21597,150,21747,21291,21441,142.94,0-4,-1
146,w0,100,307,6,152,0,COMPLETED_WALLTIME_REACHED,21747,152,21899,21440,21592,142.05263157894737,0-5,-1
147,w0,100,308,3,148,0,COMPLETED_WALLTIME_REACHED,21899,148,22047,21591,21739,146.88513513513513,0-2,-1
148,w0,100,313,3,152,0,COMPLETED_WALLTIME_REACHED,22047,152,22199,21734,21886,143.98684210526315,0-2,-1
149,w0,100,313,5,151,0,COMPLETED_WALLTIME_REACHED,22199,151,22350,21886,22037,145.94039735099338,0-4,-1
150,w0,100,314,4,150,0,COMPLETED_WALLTIME_REACHED,22350,150,22500,22036,22186,147.90666666666667,0-3,-1
151,w0,100,318,4,152,0,COMPLETED_WALLTIME_REACHED,22500,152,22652,22182,22334,146.93421052631578,0-3,-1
152,w0,100,318,7,151,0,COMPLETED_WALLTIME_REACHED,22652,151,22803,22334,22485,148.90728476821192,0-6,-1
153,w0,100,319,6,148,0,COMPLETED_WALLTIME_REACHED,22803,148,22951,22484,22632,152.9189189189189,0-5,-1
154,w0,100,321,6,149,0,COMPLETED_WALLTIME_REACHED,22951,149,23100,22630,22779,152.8791946308725,0-5,-1
155,w0,100,323,4,148,0,COMPLETED_WALLTIME_REACHED,23100,148,23248,22777,22925,154.89864864864865,0-3,-1
156,w0,100,324,4,148,0,COMPLETED_WALLTIME_REACHED,23248,148,23396,22924,23072,155.8918918918919,0-3,-1
157,w0,100,324,4,152,0,COMPLETED_WALLTIME_REACHED,23396,152,23548,23072,23224,152.78947368421052,0-3,-1
158,w0,100,326,5,146,0,COMPLETED_WALLTIME_REACHED,23548,146,23694,23222,23368,160.05479452054794,0-4,-1
159,w0,100,326,5,153,0,COMPLETED_WALLTIME_REACHED,23694,153,23847,23368,23521,153.73202614379085,0-4,-1
160,w0,100,326,4,149,0,COMPLETED_WALLTIME_REACHED,23847,149,23996,23521,23670,158.85906040268458,0-3,-1
161,w0,100,332,5,145,0,COMPLETED_WALLTIME_REACHED,23996,145,24141,23664,23809,164.2,0-4,-1
162,w0,100,333,3,149,0,COMPLETED_WALLTIME_REACHED,24141,149,24290,23808,23957,160.78523489932886,0-2,-1
163,w0,100,333,3,152,0,COMPLETED_WALLTIME_REACHED,24290,152,24442,23957,24109,158.61184210526315,0-2,-1
164,w0,100,334,6,149,0,COMPLETED_WALLTIME_REACHED,24442,149,24591,24108,24257,162.7986577181208,0-5,-1
165,w0,100,338,5,151,0,COMPLETED_WALLTIME_REACHED,24591,151,24742,24253,24404,161.6158940397351,0-4,-1
166,w0,100,340,4,150,0,COMPLETED_WALLTIME_REACHED,24742,150,24892,24402,24552,163.68,0-3,-1
167,w0,100,341,5,150,0,COMPLETED_WALLTIME_REACHED,24892,150,25042,24551,24701,164.67333333333335,0-4,-1
168,w0,100,342,5,152,0,COMPLETED_WALLTIME_REACHED,25042,152,25194,24700,24852,163.5,0-4,-1
169,w0,100,342,6,151,0,COMPLETED_WALLTIME_REACHED,25194,151,25345,24852,25003,165.58278145695365,0-5,-1
170,w0,100,342,3,152,0,COMPLETED_WALLTIME_REACHED,25345,152,25497,25003,25155,165.4934210526316,0-2,-1
171,w0,100,344,5,152,0,COMPLETED_WALLTIME_REACHED,25497,152,25649,25153,25305,166.48026315789474,0-4,-1
172,w0,100,348,4,149,0,COMPLETED_WALLTIME_REACHED,25649,149,25798,25301,25450,170.80536912751677,0-3,-1
173,w0,100,349,5,151,0,COMPLETED_WALLTIME_REACHED,25798,151,25949,25449,25600,169.53642384105962,0-4,-1
174,w0,100,350,3,149,0,COMPLETED_WALLTIME_REACHED,25949,149,26098,25599,25748,172.80536912751677,0-2,-1
175,w0,100,351,5,147,0,COMPLETED_WALLTIME_REACHED,26098,147,26245,25747,25894,176.14965986394557,0-4,-1
176,w0,100,355,6,150,0,COMPLETED_WALLTIME_REACHED,26245,150,26395,25890,26040,173.6,0-5,-1
177,w0,100,358,5,151,0,COMPLETED_WALLTIME_REACHED,26395,151,26546,26037,26188,173.43046357615893,0-4,-1
178,w0,100,360,4,152,0,COMPLETED_WALLTIME_REACHED,26546,152,26698,26186,26338,173.27631578947367,0-3,-1
179,w0,100,360,5,151,0,COMPLETED_WALLTIME_REACHED,26698,151,26849,26338,26489,175.42384105960264,0-4,-1
180,w0,100,363,4,149,0,COMPLETED_WALLTIME_REACHED,26849,149,26998,26486,26635,178.75838926174498,0-3,-1
181,w0,100,370,5,151,0,COMPLETED_WALLTIME_REACHED,26998,151,27149,26628,26779,177.34437086092714,0-4,-1
182,w0,100,372,3,151,0,COMPLETED_WALLTIME_REACHED,27149,151,27300,26777,26928,178.33112582781456,0-2,-1
183,w0,100,372,4,149,0,COMPLETED_WALLTIME_REACHED,27300,149,27449,26928,27077,181.7248322147651,0-3,-1
184,w0,100,373,4,147,0,COMPLETED_WALLTIME_REACHED,27449,147,27596,27076,27223,185.1904761904762,0-3,-1
185,w0,100,373,5,149,0,COMPLETED_WALLTIME_REACHED,27596,149,27745,27223,27372,183.70469798657717,0-4,-1
186,w0,100,374,5,149,0,COMPLETED_WALLTIME_REACHED,27745,149,27894,27371,27520,184.6979865771812,0-4,-1
187,w0,100,377,5,146,0,COMPLETED_WALLTIME_REACHED,27894,146,28040,27517,27663,189.47260273972603,0-4,-1
188,w0,100,377,6,152,0,COMPLETED_WALLTIME_REACHED,28040,152,28192,27663,27815,182.9934210526316,0-5,-1
189,w0,100,379,4,149,0,COMPLETED_WALLTIME_REACHED,28192,149,28341,27813,27962,187.66442953020135,0-3,-1
190,w0,100,380,6,151,0,COMPLETED_WALLTIME_REACHED,28341,151,28492,27961,28112,186.17218543046357,0-5,-1
191,w0,100,380,3,151,0,COMPLETED_WALLTIME_REACHED,28492,151,28643,28112,28263,187.17218543046357,0-2,-1
192,w0,100,382,7,152,0,COMPLETED_WALLTIME_REACHED,28643,152,28795,28261,28413,186.92763157894737,0-6,-1
193,w0,100,383,4,151,0,COMPLETED_WALLTIME_REACHED,28795,151,28946,28412,28563,189.158940397351,0-3,-1
194,w0,100,388,3,152,0,COMPLETED_WALLTIME_REACHED,28946,152,29098,28558,28710,188.8815789473684,0-2,-1
195,w0,100,390,4,150,0,COMPLETED_WALLTIME_REACHED,29098,150,29248,28708,28858,192.38666666666666,0-3,-1
196,w0,100,396,5,147,0,COMPLETED_WALLTIME_REACHED,29248,147,29395,28852,28999,197.2721088435374,0-4,-1
197,w0,100,401,5,151,0,COMPLETED_WALLTIME_REACHED,29395,151,29546,28994,29145,193.01324503311258,0-4,-1
198,w0,100,401,4,152,0,COMPLETED_WALLTIME_REACHED,29546,152,29698,29145,29297,192.7434210526316,0-3,-1
199,w0,100,402,5,149,0,COMPLETED_WALLTIME_REACHED,29698,149,29847,29296,29445,197.61744966442953,0-4,-1
200,w0,100,403,7,149,0,COMPLETED_WALLTIME_REACHED,29847,149,29996,29444,29593,198.61073825503357,0-6,-1
201,w0,100,404,5,153,0,COMPLETED_WALLTIME_REACHED,29996,153,30149,29592,29745,194.41176470588235,0-4,-1
202,w0,100,411,4,152,0,COMPLETED_WALLTIME_REACHED,30149,152,30301,29738,29890,196.64473684210526,0-3,-1
203,w0,100,416,3,152,0,COMPLETED_WALLTIME_REACHED,30301,152,30453,29885,30037,197.61184210526315,0-2,-1
204,w0,100,418,5,149,0,COMPLETED_WALLTIME_REACHED,30453,149,30602,30035,30184,202.5771812080537,0-4,-1
205,w0,100,419,6,147,0,COMPLETED_WALLTIME_REACHED,30602,147,30749,30183,30330,206.3265306122449,0-5,-1
206,w0,100,422,5,148,0,COMPLETED_WALLTIME_REACHED,30749,148,30897,30327,30475,205.91216216216216,0-4,-1
207,w0,100,422,4,150,0,COMPLETED_WALLTIME_REACHED,30897,150,31047,30475,30625,204.16666666666666,0-3,-1
208,w0,100,426,6,152,0,COMPLETED_WALLTIME_REACHED,31047,152,31199,30621,30773,202.45394736842104,0-5,-1
209,w0,100,427,5,149,0,COMPLETED_WALLTIME_REACHED,31199,149,31348,30772,30921,207.5234899328859,0-4,-1
210,w0,100,428,5,150,0,COMPLETED_WALLTIME_REACHED,31348,150,31498,30920,31070,207.13333333333333,0-4,-1
211,w0,100,429,5,153,0,COMPLETED_WALLTIME_REACHED,31498,153,31651,31069,31222,204.0653594771242,0-4,-1
212,w0,100,429,4,152,0,COMPLETED_WALLTIME_REACHED,31651,152,31803,31222,31374,206.4078947368421,0-3,-1
213,w0,100,430,5,151,0,COMPLETED_WALLTIME_REACHED,31803,151,31954,31373,31524,208.7682119205298,0-4,-1
214,w0,100,431,5,147,0,COMPLETED_WALLTIME_REACHED,31954,147,32101,31523,31670,215.4421768707483,0-4,-1
215,w0,100,432,4,151,0,COMPLETED_WALLTIME_REACHED,32101,151,32252,31669,31820,210.72847682119206,0-3,-1
216,w0,100,433,6,150,0,COMPLETED_WALLTIME_REACHED,32252,150,32402,31819,31969,213.12666666666667,0-5,-1
217,w0,100,435,4,151,0,COMPLETED_WALLTIME_REACHED,32402,151,32553,31967,32118,212.7019867549669,0-3,-1
218,w0,100,436,2,150,0,COMPLETED_WALLTIME_REACHED,32553,150,32703,32117,32267,215.11333333333334,0-1,-1
219,w0,100,438,5,149,0,COMPLETED_WALLTIME_REACHED,32703,149,32852,32265,32414,217.54362416107384,0-4,-1
220,w0,100,440,5,148,0,COMPLETED_WALLTIME_REACHED,32852,148,33000,32412,32560,220.0,0-4,-1
221,w0,100,440,4,147,0,COMPLETED_WALLTIME_REACHED,33000,147,33147,32560,32707,222.49659863945578,0-3,-1
222,w0,100,444,3,151,0,COMPLETED_WALLTIME_REACHED,33147,151,33298,32703,32854,217.57615894039736,0-2,-1
223,w0,100,444,5,153,0,COMPLETED_WALLTIME_REACHED,33298,153,33451,32854,33007,215.73202614379085,0-4,-1
224,w0,100,445,3,145,0,COMPLETED_WALLTIME_REACHED,33451,145,33596,33006,33151,228.62758620689655,0-2,-1
225,w0,100,445,2,153,0,COMPLETED_WALLTIME_REACHED,33596,153,33749,33151,33304,217.67320261437908,0-1,-1
226,w0,100,445,5,146,0,COMPLETED_WALLTIME_REACHED,33749,146,33895,33304,33450,229.1095890410959,0-4,-1
227,w0,100,447,3,149,0,COMPLETED_WALLTIME_REACHED,33895,149,34044,33448,33597,225.48322147651007,0-2,-1
228,w0,100,451,5,149,0,COMPLETED_WALLTIME_REACHED,34044,149,34193,33593,33742,226.45637583892616,0-4,-1
229,w0,100,452,3,149,0,COMPLETED_WALLTIME_REACHED,34193,149,34342,33741,33890,227.4496644295302,0-2,-1
230,w0,100,455,5,148,0,COMPLETED_WALLTIME_REACHED,34342,148,34490,33887,34035,229.96621621621622,0-4,-1
231,w0,100,463,5,151,0,COMPLETED_WALLTIME_REACHED,34490,151,34641,34027,34178,226.34437086092714,0-4,-1
232,w0,100,463,5,155,0,COMPLETED_WALLTIME_REACHED,34641,155,34796,34178,34333,221.5032258064516,0-4,-1
233,w0,100,464,5,149,0,COMPLETED_WALLTIME_REACHED,34796,149,34945,34332,34481,231.41610738255034,0-4,-1
234,w0,100,467,5,153,0,COMPLETED_WALLTIME_REACHED,34945,153,35098,34478,34631,226.34640522875816,0-4,-1
235,w0,100,471,5,150,0,COMPLETED_WALLTIME_REACHED,35098,150,35248,34627,34777,231.84666666666666,0-4,-1
236,w0,100,475,4,147,0,COMPLETED_WALLTIME_REACHED,35248,147,35395,34773,34920,237.55102040816325,0-3,-1
237,w0,100,476,5,150,0,COMPLETED_WALLTIME_REACHED,35395,150,35545,34919,35069,233.79333333333332,0-4,-1
238,w0,100,477,5,151,0,COMPLETED_WALLTIME_REACHED,35545,151,35696,35068,35219,233.23841059602648,0-4,-1
239,w0,100,477,3,150,0,COMPLETED_WALLTIME_REACHED,35696,150,35846,35219,35369,235.79333333333332,0-2,-1
240,w0,100,483,3,147,0,COMPLETED_WALLTIME_REACHED,35846,147,35993,35363,35510,241.56462585034015,0-2,-1
241,w0,100,484,6,146,0,COMPLETED_WALLTIME_REACHED,35993,146,36139,35509,35655,244.2123287671233,0-5,-1
242,w0,100,484,4,150,0,COMPLETED_WALLTIME_REACHED,36139,150,36289,35655,35805,238.7,0-3,-1
243,w0,100,494,4,148,0,COMPLETED_WALLTIME_REACHED,36289,148,36437,35795,35943,242.8581081081081,0-3,-1
244,w0,100,497,5,151,0,COMPLETED_WALLTIME_REACHED,36437,151,36588,35940,36091,239.01324503311258,0-4,-1
245,w0,100,499,5,148,0,COMPLETED_WALLTIME_REACHED,36588,148,36736,36089,36237,244.84459459459458,0-4,-1
246,w0,100,501,4,151,0,COMPLETED_WALLTIME_REACHED,36736,151,36887,36235,36386,240.96688741721854,0-3,-1
247,w0,100,503,3,148,0,COMPLETED_WALLTIME_REACHED,36887,148,37035,36384,36532,246.83783783783784,0-2,-1
248,w0,100,503,5,150,0,COMPLETED_WALLTIME_REACHED,37035,150,37185,36532,36682,244.54666666666665,0-4,-1
249,w0,100,506,5,150,0,COMPLETED_WALLTIME_REACHED,37185,150,37335,36679,36829,245.52666666666667,0-4,-1
250,w0,100,506,4,154,0,COMPLETED_WALLTIME_REACHED,37335,154,37489,36829,36983,240.14935064935065,0-3,-1
251,w0,100,513,3,150,0,COMPLETED_WALLTIME_REACHED,37489,150,37639,36976,37126,247.50666666666666,0-2,-1
252,w0,100,517,4,150,0,COMPLETED_WALLTIME_REACHED,37639,150,37789,37122,37272,248.48,0-3,-1
253,w0,100,518,4,153,0,COMPLETED_WALLTIME_REACHED,37789,153,37942,37271,37424,244.6013071895425,0-3,-1
254,w0,100,518,5,150,0,COMPLETED_WALLTIME_REACHED,37942,150,38092,37424,37574,250.49333333333334,0-4,-1
255,w0,100,520,4,147,0,COMPLETED_WALLTIME_REACHED,38092,147,38239,37572,37719,256.59183673469386,0-3,-1
256,w0,100,521,5,147,0,COMPLETED_WALLTIME_REACHED,38239,147,38386,37718,37865,257.5850340136054,0-4,-1
257,w0,100,522,5,151,0,COMPLETED_WALLTIME_REACHED,38386,151,38537,37864,38015,251.75496688741723,0-4,-1
258,w0,100,523,4,150,0,COMPLETED_WALLTIME_REACHED,38537,150,38687,38014,38164,254.42666666666668,0-3,-1
259,w0,100,523,5,149,0,COMPLETED_WALLTIME_REACHED,38687,149,38836,38164,38313,257.13422818791946,0-4,-1
260,w0,100,525,5,148,0,COMPLETED_WALLTIME_REACHED,38836,148,38984,38311,38459,259.8581081081081,0-4,-1
261,w0,100,526,5,149,0,COMPLETED_WALLTIME_REACHED,38984,149,39133,38458,38607,259.10738255033556,0-4,-1
262,w0,100,528,4,152,0,COMPLETED_WALLTIME_REACHED,39133,152,39285,38605,38757,254.98026315789474,0-3,-1
263,w0,100,531,3,147,0,COMPLETED_WALLTIME_REACHED,39285,147,39432,38754,38901,264.6326530612245,0-2,-1
264,w0,100,532,5,150,0,COMPLETED_WALLTIME_REACHED,39432,150,39582,38900,39050,260.3333333333333,0-4,-1
265,w0,100,533,5,151,0,COMPLETED_WALLTIME_REACHED,39582,151,39733,39049,39200,259.6026490066225,0-4,-1
266,w0,100,534,4,149,0,COMPLETED_WALLTIME_REACHED,39733,149,39882,39199,39348,264.08053691275165,0-3,-1
267,w0,100,537,4,146,0,COMPLETED_WALLTIME_REACHED,39882,146,40028,39345,39491,270.486301369863,0-3,-1
268,w0,100,537,5,147,0,COMPLETED_WALLTIME_REACHED,40028,147,40175,39491,39638,269.6462585034014,0-4,-1
269,w0,100,538,5,152,0,COMPLETED_WALLTIME_REACHED,40175,152,40327,39637,39789,261.76973684210526,0-4,-1
270,w0,100,539,5,151,0,COMPLETED_WALLTIME_REACHED,40327,151,40478,39788,39939,264.49668874172187,0-4,-1
271,w0,100,540,3,153,0,COMPLETED_WALLTIME_REACHED,40478,153,40631,39938,40091,262.0326797385621,0-2,-1
272,w0,100,542,4,148,0,COMPLETED_WALLTIME_REACHED,40631,148,40779,40089,40237,271.8716216216216,0-3,-1
273,w0,100,542,4,151,0,COMPLETED_WALLTIME_REACHED,40779,151,40930,40237,40388,267.4701986754967,0-3,-1
274,w0,100,544,5,148,0,COMPLETED_WALLTIME_REACHED,40930,148,41078,40386,40534,273.8783783783784,0-4,-1
275,w0,100,545,3,151,0,COMPLETED_WALLTIME_REACHED,41078,151,41229,40533,40684,269.43046357615896,0-2,-1
276,w0,100,553,4,150,0,COMPLETED_WALLTIME_REACHED,41229,150,41379,40676,40826,272.17333333333335,0-3,-1
277,w0,100,554,4,151,0,COMPLETED_WALLTIME_REACHED,41379,151,41530,40825,40976,271.36423841059604,0-3,-1
278,w0,100,555,5,151,0,COMPLETED_WALLTIME_REACHED,41530,151,41681,40975,41126,272.3576158940397,0-4,-1
279,w0,100,560,5,149,0,COMPLETED_WALLTIME_REACHED,41681,149,41830,41121,41270,276.97986577181206,0-4,-1
280,w0,100,561,5,151,0,COMPLETED_WALLTIME_REACHED,41830,151,41981,41269,41420,274.3046357615894,0-4,-1
281,w0,100,562,6,150,0,COMPLETED_WALLTIME_REACHED,41981,150,42131,41419,41569,277.12666666666667,0-5,-1
282,w0,100,566,4,147,0,COMPLETED_WALLTIME_REACHED,42131,147,42278,41565,41712,283.7551020408163,0-3,-1
283,w0,100,569,5,150,0,COMPLETED_WALLTIME_REACHED,42278,150,42428,41709,41859,279.06,0-4,-1
284,w0,100,577,6,149,0,COMPLETED_WALLTIME_REACHED,42428,149,42577,41851,42000,281.87919463087246,0-5,-1
285,w0,100,578,4,149,0,COMPLETED_WALLTIME_REACHED,42577,149,42726,41999,42148,282.8724832214765,0-3,-1
286,w0,100,579,3,152,0,COMPLETED_WALLTIME_REACHED,42726,152,42878,42147,42299,278.2828947368421,0-2,-1
287,w0,100,580,3,146,0,COMPLETED_WALLTIME_REACHED,42878,146,43024,42298,42444,290.71232876712327,0-2,-1
288,w0,100,584,5,153,0,COMPLETED_WALLTIME_REACHED,43024,153,43177,42440,42593,278.3856209150327,0-4,-1
289,w0,100,585,4,153,0,COMPLETED_WALLTIME_REACHED,43177,153,43330,42592,42745,279.37908496732024,0-3,-1
290,w0,100,592,5,148,0,COMPLETED_WALLTIME_REACHED,43330,148,43478,42738,42886,289.77027027027026,0-4,-1
291,w0,100,594,4,152,0,COMPLETED_WALLTIME_REACHED,43478,152,43630,42884,43036,283.13157894736844,0-3,-1
292,w0,100,599,5,152,0,COMPLETED_WALLTIME_REACHED,43630,152,43782,43031,43183,284.0986842105263,0-4,-1
293,w0,100,601,4,151,0,COMPLETED_WALLTIME_REACHED,43782,151,43933,43181,43332,286.9668874172185,0-3,-1
294,w0,100,602,5,154,0,COMPLETED_WALLTIME_REACHED,43933,154,44087,43331,43485,282.37012987012986,0-4,-1
295,w0,100,603,3,152,0,COMPLETED_WALLTIME_REACHED,44087,152,44239,43484,43636,287.07894736842104,0-2,-1
296,w0,100,603,5,150,0,COMPLETED_WALLTIME_REACHED,44239,150,44389,43636,43786,291.9066666666667,0-4,-1
297,w0,100,606,6,146,0,COMPLETED_WALLTIME_REACHED,44389,146,44535,43783,43929,300.8835616438356,0-5,-1
298,w0,100,607,3,150,0,COMPLETED_WALLTIME_REACHED,44535,150,44685,43928,44078,293.85333333333335,0-2,-1
299,w0,100,607,3,150,0,COMPLETED_WALLTIME_REACHED,44685,150,44835,44078,44228,294.85333333333335,0-2,-1
300,w0,100,608,4,150,0,COMPLETED_WALLTIME_REACHED,44835,150,44985,44227,44377,295.8466666666667,0-3,-1
301,w0,100,615,4,151,0,COMPLETED_WALLTIME_REACHED,44985,151,45136,44370,44521,294.841059602649,0-3,-1
302,w0,100,616,3,146,0,COMPLETED_WALLTIME_REACHED,45136,146,45282,44520,44666,305.93150684931504,0-2,-1
303,w0,100,618,4,151,0,COMPLETED_WALLTIME_REACHED,45282,151,45433,44664,44815,296.7880794701987,0-3,-1
304,w0,100,620,5,151,0,COMPLETED_WALLTIME_REACHED,45433,151,45584,44813,44964,297.7748344370861,0-4,-1
305,w0,100,622,5,148,0,COMPLETED_WALLTIME_REACHED,45584,148,45732,44962,45110,304.7972972972973,0-4,-1
306,w0,100,622,4,149,0,COMPLETED_WALLTIME_REACHED,45732,149,45881,45110,45259,303.751677852349,0-3,-1
307,w0,100,629,4,154,0,COMPLETED_WALLTIME_REACHED,45881,154,46035,45252,45406,294.84415584415586,0-3,-1
308,w0,100,629,5,149,0,COMPLETED_WALLTIME_REACHED,46035,149,46184,45406,45555,305.73825503355704,0-4,-1
309,w0,100,630,3,147,0,COMPLETED_WALLTIME_REACHED,46184,147,46331,45554,45701,310.89115646258506,0-2,-1
310,w0,100,630,4,147,0,COMPLETED_WALLTIME_REACHED,46331,147,46478,45701,45848,311.89115646258506,0-3,-1
311,w0,100,631,4,152,0,COMPLETED_WALLTIME_REACHED,46478,152,46630,45847,45999,302.625,0-3,-1
312,w0,100,634,4,151,0,COMPLETED_WALLTIME_REACHED,46630,151,46781,45996,46147,305.6092715231788,0-3,-1
313,w0,100,636,5,148,0,COMPLETED_WALLTIME_REACHED,46781,148,46929,46145,46293,312.7905405405405,0-4,-1
314,w0,100,636,4,148,0,COMPLETED_WALLTIME_REACHED,46929,148,47077,46293,46441,313.7905405405405,0-3,-1
315,w0,100,637,4,152,0,COMPLETED_WALLTIME_REACHED,47077,152,47229,46440,46592,306.5263157894737,0-3,-1
316,w0,100,638,5,149,0,COMPLETED_WALLTIME_REACHED,47229,149,47378,46591,46740,313.69127516778525,0-4,-1
317,w0,100,639,4,149,0,COMPLETED_WALLTIME_REACHED,47378,149,47527,46739,46888,314.6845637583893,0-3,-1
318,w0,100,640,6,151,0,COMPLETED_WALLTIME_REACHED,47527,151,47678,46887,47038,311.50993377483445,0-5,-1
319,w0,100,641,5,149,0,COMPLETED_WALLTIME_REACHED,47678,149,47827,47037,47186,316.6845637583893,0-4,-1
320,w0,100,642,5,150,0,COMPLETED_WALLTIME_REACHED,47827,150,47977,47185,47335,315.56666666666666,0-4,-1
321,w0,100,644,3,150,0,COMPLETED_WALLTIME_REACHED,47977,150,48127,47333,47483,316.55333333333334,0-2,-1
322,w0,100,646,4,146,0,COMPLETED_WALLTIME_REACHED,48127,146,48273,47481,47627,326.21232876712327,0-3,-1
323,w0,100,648,4,153,0,COMPLETED_WALLTIME_REACHED,48273,153,48426,47625,47778,312.27450980392155,0-3,-1
324,w0,100,649,6,150,0,COMPLETED_WALLTIME_REACHED,48426,150,48576,47777,47927,319.5133333333333,0-5,-1
325,w0,100,651,5,151,0,COMPLETED_WALLTIME_REACHED,48576,151,48727,47925,48076,318.3841059602649,0-4,-1
326,w0,100,651,5,149,0,COMPLETED_WALLTIME_REACHED,48727,149,48876,48076,48225,323.6577181208054,0-4,-1
327,w0,100,652,3,151,0,COMPLETED_WALLTIME_REACHED,48876,151,49027,48224,48375,320.36423841059604,0-2,-1
328,w0,100,653,5,152,0,COMPLETED_WALLTIME_REACHED,49027,152,49179,48374,48526,319.25,0-4,-1
329,w0,100,654,5,147,0,COMPLETED_WALLTIME_REACHED,49179,147,49326,48525,48672,331.1020408163265,0-4,-1
330,w0,100,656,2,152,0,COMPLETED_WALLTIME_REACHED,49326,152,49478,48670,48822,321.19736842105266,0-1,-1
331,w0,100,661,6,147,0,COMPLETED_WALLTIME_REACHED,49478,147,49625,48817,48964,333.08843537414964,0-5,-1
332,w0,100,664,5,149,0,COMPLETED_WALLTIME_REACHED,49625,149,49774,48961,49110,329.5973154362416,0-4,-1
333,w0,100,665,5,153,0,COMPLETED_WALLTIME_REACHED,49774,153,49927,49109,49262,321.9738562091503,0-4,-1
334,w0,100,670,5,148,0,COMPLETED_WALLTIME_REACHED,49927,148,50075,49257,49405,333.81756756756755,0-4,-1
335,w0,100,671,4,147,0,COMPLETED_WALLTIME_REACHED,50075,147,50222,49404,49551,337.0816326530612,0-3,-1
336,w0,100,674,4,150,0,COMPLETED_WALLTIME_REACHED,50222,150,50372,49548,49698,331.32,0-3,-1
337,w0,100,675,4,148,0,COMPLETED_WALLTIME_REACHED,50372,148,50520,49697,49845,336.7905405405405,0-3,-1
338,w0,100,675,4,149,0,COMPLETED_WALLTIME_REACHED,50520,149,50669,49845,49994,335.5302013422819,0-3,-1
339,w0,100,676,5,150,0,COMPLETED_WALLTIME_REACHED,50669,150,50819,49993,50143,334.2866666666667,0-4,-1
340,w0,100,678,4,148,0,COMPLETED_WALLTIME_REACHED,50819,148,50967,50141,50289,339.7905405405405,0-3,-1
341,w0,100,678,3,151,0,COMPLETED_WALLTIME_REACHED,50967,151,51118,50289,50440,334.03973509933775,0-2,-1
342,w0,100,681,5,151,0,COMPLETED_WALLTIME_REACHED,51118,151,51269,50437,50588,335.0198675496689,0-4,-1
343,w0,100,682,4,151,0,COMPLETED_WALLTIME_REACHED,51269,151,51420,50587,50738,336.0132450331126,0-3,-1
344,w0,100,683,6,151,0,COMPLETED_WALLTIME_REACHED,51420,151,51571,50737,50888,337.0066225165563,0-5,-1
345,w0,100,687,5,150,0,COMPLETED_WALLTIME_REACHED,51571,150,51721,50884,51034,340.2266666666667,0-4,-1
346,w0,100,687,4,150,0,COMPLETED_WALLTIME_REACHED,51721,150,51871,51034,51184,341.2266666666667,0-3,-1
347,w0,100,694,6,149,0,COMPLETED_WALLTIME_REACHED,51871,149,52020,51177,51326,344.4697986577181,0-5,-1
348,w0,100,697,4,151,0,COMPLETED_WALLTIME_REACHED,52020,151,52171,51323,51474,340.887417218543,0-3,-1
349,w0,100,698,5,153,0,COMPLETED_WALLTIME_REACHED,52171,153,52324,51473,51626,337.42483660130716,0-4,-1
350,w0,100,699,4,149,0,COMPLETED_WALLTIME_REACHED,52324,149,52473,51625,51774,347.4765100671141,0-3,-1
351,w0,100,704,4,150,0,COMPLETED_WALLTIME_REACHED,52473,150,52623,51769,51919,346.12666666666667,0-3,-1
352,w0,100,704,5,150,0,COMPLETED_WALLTIME_REACHED,52623,150,52773,51919,52069,347.12666666666667,0-4,-1
353,w0,100,705,6,148,0,COMPLETED_WALLTIME_REACHED,52773,148,52921,52068,52216,352.81081081081084,0-5,-1
354,w0,100,706,4,148,0,COMPLETED_WALLTIME_REACHED,52921,148,53069,52215,52363,353.80405405405406,0-3,-1
355,w0,100,710,4,149,0,COMPLETED_WALLTIME_REACHED,53069,149,53218,52359,52508,352.4026845637584,0-3,-1
356,w0,100,711,5,149,0,COMPLETED_WALLTIME_REACHED,53218,149,53367,52507,52656,353.3959731543624,0-4,-1
357,w0,100,713,6,151,0,COMPLETED_WALLTIME_REACHED,53367,151,53518,52654,52805,349.70198675496687,0-5,-1
358,w0,100,714,4,150,0,COMPLETED_WALLTIME_REACHED,53518,150,53668,52804,52954,353.02666666666664,0-3,-1
359,w0,100,721,4,147,0,COMPLETED_WALLTIME_REACHED,53668,147,53815,52947,53094,361.18367346938777,0-3,-1
360,w0,100,723,4,149,0,COMPLETED_WALLTIME_REACHED,53815,149,53964,53092,53241,357.32214765100673,0-3,-1
361,w0,100,725,7,151,0,COMPLETED_WALLTIME_REACHED,53964,151,54115,53239,53390,353.57615894039736,0-6,-1
362,w0,100,725,7,151,0,COMPLETED_WALLTIME_REACHED,54115,151,54266,53390,53541,354.57615894039736,0-6,-1
363,w0,100,726,4,149,0,COMPLETED_WALLTIME_REACHED,54266,149,54415,53540,53689,360.3288590604027,0-3,-1
364,w0,100,728,6,151,0,COMPLETED_WALLTIME_REACHED,54415,151,54566,53687,53838,356.5430463576159,0-5,-1
365,w0,100,732,5,150,0,COMPLETED_WALLTIME_REACHED,54566,150,54716,53834,53984,359.8933333333333,0-4,-1
366,w0,100,733,4,152,0,COMPLETED_WALLTIME_REACHED,54716,152,54868,53983,54135,356.1513157894737,0-3,-1
367,w0,100,734,6,150,0,COMPLETED_WALLTIME_REACHED,54868,150,55018,54134,54284,361.8933333333333,0-5,-1
368,w0,100,739,3,147,0,COMPLETED_WALLTIME_REACHED,55018,147,55165,54279,54426,370.2448979591837,0-2,-1
369,w0,100,740,5,147,0,COMPLETED_WALLTIME_REACHED,55165,147,55312,54425,54572,371.23809523809524,0-4,-1
370,w0,100,740,5,150,0,COMPLETED_WALLTIME_REACHED,55312,150,55462,54572,54722,364.81333333333333,0-4,-1
371,w0,100,742,4,150,0,COMPLETED_WALLTIME_REACHED,55462,150,55612,54720,54870,365.8,0-3,-1
372,w0,100,745,4,155,0,COMPLETED_WALLTIME_REACHED,55612,155,55767,54867,55022,354.98064516129034,0-3,-1
373,w0,100,746,5,149,0,COMPLETED_WALLTIME_REACHED,55767,149,55916,55021,55170,370.2684563758389,0-4,-1
374,w0,100,747,5,149,0,COMPLETED_WALLTIME_REACHED,55916,149,56065,55169,55318,371.26174496644296,0-4,-1
375,w0,100,750,4,153,0,COMPLETED_WALLTIME_REACHED,56065,153,56218,55315,55468,362.5359477124183,0-3,-1
376,w0,100,764,5,149,0,COMPLETED_WALLTIME_REACHED,56218,149,56367,55454,55603,373.1744966442953,0-4,-1
377,w0,100,764,3,151,0,COMPLETED_WALLTIME_REACHED,56367,151,56518,55603,55754,369.2317880794702,0-2,-1
378,w0,100,770,5,153,0,COMPLETED_WALLTIME_REACHED,56518,153,56671,55748,55901,365.36601307189545,0-4,-1
379,w0,100,770,6,147,0,COMPLETED_WALLTIME_REACHED,56671,147,56818,55901,56048,381.27891156462584,0-5,-1
380,w0,100,771,6,153,0,COMPLETED_WALLTIME_REACHED,56818,153,56971,56047,56200,367.32026143790847,0-5,-1
381,w0,100,774,4,151,0,COMPLETED_WALLTIME_REACHED,56971,151,57122,56197,56348,373.1655629139073,0-3,-1
382,w0,100,775,5,150,0,COMPLETED_WALLTIME_REACHED,57122,150,57272,56347,56497,376.64666666666665,0-4,-1
383,w0,100,780,6,148,0,COMPLETED_WALLTIME_REACHED,57272,148,57420,56492,56640,382.7027027027027,0-5,-1
384,w0,100,781,6,150,0,COMPLETED_WALLTIME_REACHED,57420,150,57570,56639,56789,378.5933333333333,0-5,-1
385,w0,100,782,6,151,0,COMPLETED_WALLTIME_REACHED,57570,151,57721,56788,56939,377.0794701986755,0-5,-1
386,w0,100,782,5,148,0,COMPLETED_WALLTIME_REACHED,57721,148,57869,56939,57087,385.72297297297297,0-4,-1
387,w0,100,783,5,150,0,COMPLETED_WALLTIME_REACHED,57869,150,58019,57086,57236,381.5733333333333,0-4,-1
388,w0,100,785,4,145,0,COMPLETED_WALLTIME_REACHED,58019,145,58164,57234,57379,395.71724137931034,0-3,-1
389,w0,100,788,6,151,0,COMPLETED_WALLTIME_REACHED,58164,151,58315,57376,57527,380.97350993377484,0-5,-1
390,w0,100,789,5,150,0,COMPLETED_WALLTIME_REACHED,58315,150,58465,57526,57676,384.50666666666666,0-4,-1
391,w0,100,792,5,152,0,COMPLETED_WALLTIME_REACHED,58465,152,58617,57673,57825,380.42763157894734,0-4,-1
392,w0,100,792,4,150,0,COMPLETED_WALLTIME_REACHED,58617,150,58767,57825,57975,386.5,0-3,-1
393,w0,100,794,5,154,0,COMPLETED_WALLTIME_REACHED,58767,154,58921,57973,58127,377.44805194805195,0-4,-1
394,w0,100,794,6,151,0,COMPLETED_WALLTIME_REACHED,58921,151,59072,58127,58278,385.94701986754967,0-5,-1
395,w0,100,798,6,149,0,COMPLETED_WALLTIME_REACHED,59072,149,59221,58274,58423,392.1006711409396,0-5,-1
396,w0,100,800,5,147,0,COMPLETED_WALLTIME_REACHED,59221,147,59368,58421,58568,398.421768707483,0-4,-1
397,w0,100,800,5,148,0,COMPLETED_WALLTIME_REACHED,59368,148,59516,58568,58716,396.72972972972974,0-4,-1
398,w0,100,802,3,148,0,COMPLETED_WALLTIME_REACHED,59516,148,59664,58714,58862,397.7162162162162,0-2,-1
399,w0,100,803,4,148,0,COMPLETED_WALLTIME_REACHED,59664,148,59812,58861,59009,398.7094594594595,0-3,-1
400,w0,100,804,5,148,0,COMPLETED_WALLTIME_REACHED,59812,148,59960,59008,59156,399.7027027027027,0-4,-1
401,w0,100,805,4,149,0,COMPLETED_WALLTIME_REACHED,59960,149,60109,59155,59304,398.0134228187919,0-3,-1
402,w0,100,805,4,151,0,COMPLETED_WALLTIME_REACHED,60109,151,60260,59304,59455,393.7417218543046,0-3,-1
403,w0,100,808,3,150,0,COMPLETED_WALLTIME_REACHED,60260,150,60410,59452,59602,397.3466666666667,0-2,-1
404,w0,100,809,5,150,0,COMPLETED_WALLTIME_REACHED,60410,150,60560,59601,59751,398.34,0-4,-1
405,w0,100,810,6,146,0,COMPLETED_WALLTIME_REACHED,60560,146,60706,59750,59896,410.24657534246575,0-5,-1
406,w0,100,813,4,152,0,COMPLETED_WALLTIME_REACHED,60706,152,60858,59893,60045,395.0328947368421,0-3,-1
407,w0,100,814,6,150,0,COMPLETED_WALLTIME_REACHED,60858,150,61008,60044,60194,401.29333333333335,0-5,-1
408,w0,100,815,5,148,0,COMPLETED_WALLTIME_REACHED,61008,148,61156,60193,60341,407.7094594594595,0-4,-1
409,w0,100,817,4,152,0,COMPLETED_WALLTIME_REACHED,61156,152,61308,60339,60491,397.9671052631579,0-3,-1
410,w0,100,818,4,147,0,COMPLETED_WALLTIME_REACHED,61308,147,61455,60490,60637,412.4965986394558,0-3,-1
411,w0,100,818,4,152,0,COMPLETED_WALLTIME_REACHED,61455,152,61607,60637,60789,399.92763157894734,0-3,-1
412,w0,100,819,4,150,0,COMPLETED_WALLTIME_REACHED,61607,150,61757,60788,60938,406.25333333333333,0-3,-1
413,w0,100,819,4,148,0,COMPLETED_WALLTIME_REACHED,61757,148,61905,60938,61086,412.7432432432432,0-3,-1
414,w0,100,821,4,150,0,COMPLETED_WALLTIME_REACHED,61905,150,62055,61084,61234,408.2266666666667,0-3,-1
415,w0,100,822,5,149,0,COMPLETED_WALLTIME_REACHED,62055,149,62204,61233,61382,411.9597315436242,0-4,-1
416,w0,100,825,5,152,0,COMPLETED_WALLTIME_REACHED,62204,152,62356,61379,61531,404.8092105263158,0-4,-1
417,w0,100,825,3,154,0,COMPLETED_WALLTIME_REACHED,62356,154,62510,61531,61685,400.55194805194805,0-2,-1
418,w0,100,826,6,153,0,COMPLETED_WALLTIME_REACHED,62510,153,62663,61684,61837,404.16339869281046,0-5,-1
419,w0,100,830,5,148,0,COMPLETED_WALLTIME_REACHED,62663,148,62811,61833,61981,418.7905405405405,0-4,-1
420,w0,100,831,2,150,0,COMPLETED_WALLTIME_REACHED,62811,150,62961,61980,62130,414.2,0-1,-1
421,w0,100,831,4,150,0,COMPLETED_WALLTIME_REACHED,62961,150,63111,62130,62280,415.2,0-3,-1
422,w0,100,836,3,150,0,COMPLETED_WALLTIME_REACHED,63111,150,63261,62275,62425,416.1666666666667,0-2,-1
423,w0,100,838,4,153,0,COMPLETED_WALLTIME_REACHED,63261,153,63414,62423,62576,408.9934640522876,0-3,-1
424,w0,100,841,4,151,0,COMPLETED_WALLTIME_REACHED,63414,151,63565,62573,62724,415.3907284768212,0-3,-1
425,w0,100,842,6,151,0,COMPLETED_WALLTIME_REACHED,63565,151,63716,62723,62874,416.3841059602649,0-5,-1
426,w0,100,844,4,152,0,COMPLETED_WALLTIME_REACHED,63716,152,63868,62872,63024,414.63157894736844,0-3,-1
427,w0,100,845,7,150,0,COMPLETED_WALLTIME_REACHED,63868,150,64018,63023,63173,421.1533333333333,0-6,-1
428,w0,100,848,5,148,0,COMPLETED_WALLTIME_REACHED,64018,148,64166,63170,63318,427.8243243243243,0-4,-1
429,w0,100,850,4,149,0,COMPLETED_WALLTIME_REACHED,64166,149,64315,63316,63465,425.93959731543623,0-3,-1
430,w0,100,850,4,154,0,COMPLETED_WALLTIME_REACHED,64315,154,64469,63465,63619,413.11038961038963,0-3,-1
431,w0,100,850,5,149,0,COMPLETED_WALLTIME_REACHED,64469,149,64618,63619,63768,427.9731543624161,0-4,-1
432,w0,100,850,4,150,0,COMPLETED_WALLTIME_REACHED,64618,150,64768,63768,63918,426.12,0-3,-1
433,w0,100,851,4,150,0,COMPLETED_WALLTIME_REACHED,64768,150,64918,63917,64067,427.11333333333334,0-3,-1
434,w0,100,851,5,149,0,COMPLETED_WALLTIME_REACHED,64918,149,65067,64067,64216,430.97986577181206,0-4,-1
435,w0,100,855,4,150,0,COMPLETED_WALLTIME_REACHED,65067,150,65217,64212,64362,429.08,0-3,-1
436,w0,100,858,3,151,0,COMPLETED_WALLTIME_REACHED,65217,151,65368,64359,64510,427.21854304635764,0-2,-1
437,w0,100,860,4,149,0,COMPLETED_WALLTIME_REACHED,65368,149,65517,64508,64657,433.93959731543623,0-3,-1
438,w0,100,869,4,148,0,COMPLETED_WALLTIME_REACHED,65517,148,65665,64648,64796,437.81081081081084,0-3,-1
439,w0,100,870,3,149,0,COMPLETED_WALLTIME_REACHED,65665,149,65814,64795,64944,435.86577181208054,0-2,-1
440,w0,100,873,4,149,0,COMPLETED_WALLTIME_REACHED,65814,149,65963,64941,65090,436.8456375838926,0-3,-1
441,w0,100,874,6,152,0,COMPLETED_WALLTIME_REACHED,65963,152,66115,65089,65241,429.2171052631579,0-5,-1
442,w0,100,874,5,150,0,COMPLETED_WALLTIME_REACHED,66115,150,66265,65241,65391,435.94,0-4,-1
443,w0,100,875,6,149,0,COMPLETED_WALLTIME_REACHED,66265,149,66414,65390,65539,439.8590604026846,0-5,-1
444,w0,100,876,3,152,0,COMPLETED_WALLTIME_REACHED,66414,152,66566,65538,65690,432.17105263157896,0-2,-1
445,w0,100,876,6,148,0,COMPLETED_WALLTIME_REACHED,66566,148,66714,65690,65838,444.85135135135135,0-5,-1
446,w0,100,885,4,150,0,COMPLETED_WALLTIME_REACHED,66714,150,66864,65829,65979,439.86,0-3,-1
447,w0,100,888,7,150,0,COMPLETED_WALLTIME_REACHED,66864,150,67014,65976,66126,440.84,0-6,-1
448,w0,100,890,4,149,0,COMPLETED_WALLTIME_REACHED,67014,149,67163,66124,66273,444.7852348993289,0-3,-1
449,w0,100,890,3,149,0,COMPLETED_WALLTIME_REACHED,67163,149,67312,66273,66422,445.7852348993289,0-2,-1
450,w0,100,890,5,148,0,COMPLETED_WALLTIME_REACHED,67312,148,67460,66422,66570,449.7972972972973,0-4,-1
451,w0,100,893,4,152,0,COMPLETED_WALLTIME_REACHED,67460,152,67612,66567,66719,438.9407894736842,0-3,-1
452,w0,100,895,6,150,0,COMPLETED_WALLTIME_REACHED,67612,150,67762,66717,66867,445.78,0-5,-1
453,w0,100,896,4,150,0,COMPLETED_WALLTIME_REACHED,67762,150,67912,66866,67016,446.7733333333333,0-3,-1
454,w0,100,896,4,153,0,COMPLETED_WALLTIME_REACHED,67912,153,68065,67016,67169,439.01307189542484,0-3,-1
455,w0,100,897,4,153,0,COMPLETED_WALLTIME_REACHED,68065,153,68218,67168,67321,440.0065359477124,0-3,-1
456,w0,100,898,6,149,0,COMPLETED_WALLTIME_REACHED,68218,149,68367,67320,67469,452.81208053691273,0-5,-1
457,w0,100,898,5,150,0,COMPLETED_WALLTIME_REACHED,68367,150,68517,67469,67619,450.79333333333335,0-4,-1
458,w0,100,905,3,150,0,COMPLETED_WALLTIME_REACHED,68517,150,68667,67612,67762,451.74666666666667,0-2,-1
459,w0,100,906,4,148,0,COMPLETED_WALLTIME_REACHED,68667,148,68815,67761,67909,458.8445945945946,0-3,-1
460,w0,100,909,6,153,0,COMPLETED_WALLTIME_REACHED,68815,153,68968,67906,68059,444.83006535947715,0-5,-1
461,w0,100,909,4,151,0,COMPLETED_WALLTIME_REACHED,68968,151,69119,68059,68210,451.72185430463577,0-3,-1
462,w0,100,911,4,151,0,COMPLETED_WALLTIME_REACHED,69119,151,69270,68208,68359,452.7086092715232,0-3,-1
463,w0,100,912,4,146,0,COMPLETED_WALLTIME_REACHED,69270,146,69416,68358,68504,469.2054794520548,0-3,-1
464,w0,100,917,3,151,0,COMPLETED_WALLTIME_REACHED,69416,151,69567,68499,68650,454.63576158940396,0-2,-1
465,w0,100,920,5,151,0,COMPLETED_WALLTIME_REACHED,69567,151,69718,68647,68798,455.6158940397351,0-4,-1
466,w0,100,921,4,148,0,COMPLETED_WALLTIME_REACHED,69718,148,69866,68797,68945,465.8445945945946,0-3,-1
467,w0,100,923,2,151,0,COMPLETED_WALLTIME_REACHED,69866,151,70017,68943,69094,457.57615894039736,0-1,-1
468,w0,100,923,4,151,0,COMPLETED_WALLTIME_REACHED,70017,151,70168,69094,69245,458.57615894039736,0-3,-1
469,w0,100,928,4,148,0,COMPLETED_WALLTIME_REACHED,70168,148,70316,69240,69388,468.8378378378378,0-3,-1
470,w0,100,930,4,148,0,COMPLETED_WALLTIME_REACHED,70316,148,70464,69386,69534,469.8243243243243,0-3,-1
471,w0,100,931,6,151,0,COMPLETED_WALLTIME_REACHED,70464,151,70615,69533,69684,461.4834437086093,0-5,-1
472,w0,100,932,5,148,0,COMPLETED_WALLTIME_REACHED,70615,148,70763,69683,69831,471.8310810810811,0-4,-1
473,w0,100,933,5,151,0,COMPLETED_WALLTIME_REACHED,70763,151,70914,69830,69981,463.4503311258278,0-4,-1
474,w0,100,934,4,149,0,COMPLETED_WALLTIME_REACHED,70914,149,71063,69980,70129,470.66442953020135,0-3,-1
475,w0,100,935,4,150,0,COMPLETED_WALLTIME_REACHED,71063,150,71213,70128,70278,468.52,0-3,-1
476,w0,100,939,3,150,0,COMPLETED_WALLTIME_REACHED,71213,150,71363,70274,70424,469.49333333333334,0-2,-1
477,w0,100,941,4,148,0,COMPLETED_WALLTIME_REACHED,71363,148,71511,70422,70570,476.8243243243243,0-3,-1
478,w0,100,941,3,151,0,COMPLETED_WALLTIME_REACHED,71511,151,71662,70570,70721,468.35099337748346,0-2,-1
479,w0,100,944,4,145,0,COMPLETED_WALLTIME_REACHED,71662,145,71807,70718,70863,488.7103448275862,0-3,-1
480,w0,100,945,5,151,0,COMPLETED_WALLTIME_REACHED,71807,151,71958,70862,71013,470.28476821192055,0-4,-1
481,w0,100,947,4,152,0,COMPLETED_WALLTIME_REACHED,71958,152,72110,71011,71163,468.17763157894734,0-3,-1
482,w0,100,947,5,153,0,COMPLETED_WALLTIME_REACHED,72110,153,72263,71163,71316,466.11764705882354,0-4,-1
483,w0,100,947,2,149,0,COMPLETED_WALLTIME_REACHED,72263,149,72412,71316,71465,479.6308724832215,0-1,-1
484,w0,100,950,4,149,0,COMPLETED_WALLTIME_REACHED,72412,149,72561,71462,71611,480.61073825503354,0-3,-1
485,w0,100,955,4,153,0,COMPLETED_WALLTIME_REACHED,72561,153,72714,71606,71759,469.01307189542484,0-3,-1
486,w0,100,960,4,146,0,COMPLETED_WALLTIME_REACHED,72714,146,72860,71754,71900,492.4657534246575,0-3,-1
487,w0,100,962,5,153,0,COMPLETED_WALLTIME_REACHED,72860,153,73013,71898,72051,470.921568627451,0-4,-1
488,w0,100,965,6,148,0,COMPLETED_WALLTIME_REACHED,73013,148,73161,72048,72196,487.81081081081084,0-5,-1
489,w0,100,967,6,149,0,COMPLETED_WALLTIME_REACHED,73161,149,73310,72194,72343,485.5234899328859,0-5,-1
490,w0,100,968,4,150,0,COMPLETED_WALLTIME_REACHED,73310,150,73460,72342,72492,483.28,0-3,-1
491,w0,100,972,5,152,0,COMPLETED_WALLTIME_REACHED,73460,152,73612,72488,72640,477.89473684210526,0-4,-1
492,w0,100,974,5,149,0,COMPLETED_WALLTIME_REACHED,73612,149,73761,72638,72787,488.503355704698,0-4,-1
493,w0,100,975,4,150,0,COMPLETED_WALLTIME_REACHED,73761,150,73911,72786,72936,486.24,0-3,-1
494,w0,100,975,5,152,0,COMPLETED_WALLTIME_REACHED,73911,152,74063,72936,73088,480.8421052631579,0-4,-1
495,w0,100,978,4,152,0,COMPLETED_WALLTIME_REACHED,74063,152,74215,73085,73237,481.82236842105266,0-3,-1
496,w0,100,979,5,150,0,COMPLETED_WALLTIME_REACHED,74215,150,74365,73236,73386,489.24,0-4,-1
497,w0,100,980,4,148,0,COMPLETED_WALLTIME_REACHED,74365,148,74513,73385,73533,496.8445945945946,0-3,-1
498,w0,100,980,4,150,0,COMPLETED_WALLTIME_REACHED,74513,150,74663,73533,73683,491.22,0-3,-1
499,w0,100,981,5,149,0,COMPLETED_WALLTIME_REACHED,74663,149,74812,73682,73831,495.51006711409394,0-4,-1
500,w0,100,984,4,149,0,COMPLETED_WALLTIME_REACHED,74812,149,74961,73828,73977,496.48993288590606,0-3,-1
